0,-256,107,1993,-251,55,45,
0,-261,104,2000,-296,55,57,
0,-243,78,2015,-239,86,69,
0,-233,37,2035,-140,74,46,
0,-229,-33,2101,94,-3,-10,
0,-215,10,2074,343,-28,-65,
0,-216,10,2036,357,9,-92,
0,-204,-18,2043,180,-5,-160,
0,-183,-34,2032,246,-39,-207,
0,-172,39,1984,401,27,-209,
0,-165,126,1936,406,120,-187,
0,-168,179,1918,317,161,-160,
0,-166,227,1874,302,208,-151,
0,-185,302,1849,338,300,-123,
0,-212,361,1890,411,329,-44,
0,-261,354,1906,332,333,99,
0,-283,380,1941,157,371,209,
0,-305,329,1998,156,326,239,
0,-320,221,2078,55,194,205,
0,-347,123,2130,-17,28,160,
0,-321,229,2037,-170,-217,-23,
0,-321,229,2037,-263,-240,-23,
0,-291,248,1965,-234,-218,19,
0,-279,200,1917,-38,-109,43,
0,-259,173,1897,212,11,7,
0,-258,193,1914,326,127,-24,
0,-252,237,1966,110,158,-7,
0,-241,261,2043,-99,88,16,
0,-242,242,2079,-265,-20,21,
0,-234,148,2123,-239,-114,-6,
0,-245,130,2146,-71,-132,-45,
0,-230,175,2193,92,-151,-74,
0,-242,203,2236,145,-213,-64,
0,-274,186,2234,63,-259,-77,
0,-284,143,2221,3,-282,-99,
0,-271,134,2178,-32,-268,-120,
0,-256,146,2123,-126,-264,-160,
0,-259,206,2064,-381,-272,-119,
0,-237,217,1997,-459,-247,-77,
0,-239,169,1986,-422,-188,-68,
0,-234,145,1993,-555,-148,-30,
0,-234,112,1974,-574,-85,12,
0,-222,99,2002,-580,-45,18,
0,-253,90,2005,-434,-65,-55,
0,-246,120,2022,-291,-52,-114,
0,-256,154,2010,-379,-67,-144,
0,-244,187,2000,-367,-40,-163,
0,-243,181,1990,-232,13,-131,
0,-251,178,1983,-218,34,-104,
0,-255,182,2003,-400,3,-57,
0,-265,182,2011,-552,-62,-40,
0,-265,121,2017,-740,-68,-29,
0,-265,117,1990,-648,-71,-45,
0,-237,108,1972,-362,-45,-75,
0,-239,62,2001,-242,-84,-99,
0,-216,67,2010,-388,-110,-121,
0,-188,75,1950,-411,-121,-141,
0,-162,81,1893,-406,-101,-124,
0,-142,81,1883,-404,-48,-97,
0,-137,64,1881,-358,10,-64,
0,-160,84,1929,-294,64,-78,
0,-194,89,1973,-218,50,-60,
0,-244,63,2047,-359,30,-51,
0,-279,46,2052,-421,-10,54,
0,-272,-4,2063,-321,3,57,
0,-257,-9,2062,-207,23,7,
0,-248,0,2037,-134,72,-40,
0,-218,29,2035,-33,127,-58,
0,-214,74,2059,114,151,-27,
0,-228,98,2121,162,108,-13,
0,-241,105,2186,-34,21,56,
0,-238,129,2214,-178,-95,110,
0,-234,67,2201,-137,-185,146,
0,-247,-19,2200,5,-239,130,
0,-242,-117,2188,153,-299,43,
0,-221,-132,2108,207,-303,-67,
0,-178,-39,1999,179,-263,-145,
0,-159,45,1919,98,-176,-161,
0,-163,92,1894,41,-63,-146,
0,-175,103,1903,70,57,-144,
0,-185,128,1927,134,178,-133,
0,-203,161,1976,90,228,-79,
0,-210,217,2036,-47,206,8,
0,-206,191,2051,-33,162,69,
0,-214,99,2036,72,141,57,
0,-217,47,2086,-71,86,-3,
0,-216,81,2116,-327,-41,-69,
0,-211,156,2072,-415,-88,-42,
0,-208,179,2047,-334,-91,35,
0,-213,139,2033,-261,-31,72,
0,-224,103,2036,-216,36,87,
0,-213,90,2038,-324,65,104,
0,-189,86,2014,-307,88,130,
0,-176,121,1981,-296,135,159,
0,-180,48,1973,-183,173,141,
0,-186,-9,1998,-186,222,85,
0,-206,-14,2049,-258,205,49,
0,-217,-7,2069,-286,166,28,
0,-221,11,2077,-224,134,22,
0,-227,-32,2061,-109,120,18,
0,-246,-71,2085,-92,101,-25,
0,-260,-76,2115,-198,73,-90,
0,-274,-40,2138,-198,63,-122,
0,-276,-16,2090,-60,15,-80,
0,-275,8,2051,-61,20,-75,
0,-272,-15,2035,-295,307,-81,
0,-268,-104,2034,-503,243,-241,
0,-219,-90,2063,-90,-40,-223,
0,-217,-19,1998,-126,-24,-80,
0,-218,-42,1974,-210,-87,-74,
0,-199,-36,1970,-116,-100,-160,
0,-215,40,1970,-145,-66,-122,
0,-222,80,1977,-120,-72,-75,
0,-243,80,2008,-100,-7,-108,
0,-268,33,2032,-116,64,-151,
0,-267,18,2065,76,101,-111,
0,-298,20,2096,258,78,0,
0,-297,20,2120,239,31,-25,
0,-275,-16,2099,60,-35,-84,
0,-259,-47,2049,-40,-75,-87,
0,-243,-27,2019,-65,-98,-82,
0,-225,-46,1997,-110,-81,-105,
0,-211,-89,1995,-78,-62,-139,
0,-208,-53,1992,-38,-49,-140,
0,-204,-15,1981,-112,-53,-112,
0,-195,24,1991,-134,-64,-133,
0,-212,2,2013,-177,-103,-135,
0,-228,-12,2071,-258,-160,-144,
0,-244,-5,2084,-340,-221,-150,
0,-229,26,2075,-254,-253,-149,
0,-217,29,2012,-178,-246,-73,
0,-195,30,1966,-92,-193,-15,
0,-192,-9,1971,-177,-143,-8,
0,-189,-37,2018,-232,-154,-67,
0,-195,-10,2050,-434,-217,-117,
0,-192,-22,2016,-412,-219,-105,
0,-173,42,1971,-243,-166,-163,
0,-176,-5,1969,-20,-104,-113,
0,-213,-24,2015,62,-85,-148,
0,-232,-4,2060,-68,-91,-181,
0,-224,35,2069,-159,-142,-200,
0,-232,63,2061,-208,-126,-167,
0,-220,110,2053,-68,-168,-80,
0,-214,94,2039,15,-257,-31,
0,-206,-6,2050,12,-280,9,
0,-185,-74,2052,254,-340,-40,
0,-166,-172,2046,534,-297,-68,
0,-151,-135,2033,587,-211,-125,
0,-166,-155,2056,522,-188,-191,
0,-156,-140,2087,315,-143,-286,
0,-160,-59,2094,361,-134,-355,
0,-187,-109,2085,402,-182,-399,
0,-188,-157,2086,367,-138,-372,
0,-173,-51,2101,161,-140,-344,
0,-162,44,2043,69,-121,-292,
0,-154,84,2022,160,-93,-233,
0,-166,104,2004,99,-58,-133,
0,-178,88,2044,35,-40,-90,
0,-199,70,2083,-118,-74,-65,
0,-206,84,2098,-343,-116,-64,
0,-186,99,2065,-327,-135,-80,
0,-171,59,2039,-45,-155,-113,
0,-181,-27,2073,-191,-195,-93,
0,-158,-109,2084,-242,-204,-125,
0,-147,-127,2088,-84,-188,-205,
0,-130,-108,2057,-95,-147,-251,
0,-119,13,2015,-246,-145,-256,
0,-111,55,1972,-267,-142,-223,
0,-106,51,1967,-258,-105,-171,
0,-127,-2,1986,-311,-68,-130,
0,-166,-26,2033,-529,-72,-144,
0,-176,24,2047,-728,-137,-199,
0,-190,35,2056,-853,-191,-218,
0,-186,51,2069,-1028,-196,-162,
0,-193,-47,2062,-864,-268,-203,
0,-178,-182,2150,-711,-243,-257,
0,-151,-123,2150,-559,-265,-279,
0,-119,-7,2056,-474,-257,-200,
0,-96,43,1981,-457,-247,-69,
0,-72,0,1914,-444,-199,110,
0,-50,-30,1890,-401,-111,176,
0,-52,-121,1922,-239,-32,163,
0,-67,-183,1942,-163,50,121,
0,-77,-166,2016,-192,66,32,
0,-89,-198,2081,-290,-8,15,
1,-82,-263,2125,-41,-19,-29,
1,-91,-269,2114,432,-32,-96,
1,-83,-193,2058,605,-56,-152,
1,-59,-207,2041,946,56,-222,
1,-91,-164,2060,1622,100,-365,
1,-129,-69,2048,1898,58,-343,
1,-133,31,1966,1817,10,-296,
1,-133,2,1932,1813,56,-289,
1,-129,-33,1999,3158,237,-394,
1,-229,-20,2175,5613,112,-451,
1,-224,-89,2301,6569,62,-381,
1,-222,47,2322,7082,-126,-315,
1,-174,-24,2190,6643,-508,-12,
1,-31,-202,2090,6540,-595,407,
1,105,-300,1554,7770,-363,693,
1,237,-438,1039,9397,224,801,
1,337,-484,789,10370,1036,781,
1,370,-520,449,10350,2017,616,
1,211,-547,419,10811,3173,285,
1,-52,-228,532,13154,4187,-122,
1,-282,331,654,15119,4775,-317,
1,-408,983,775,16132,4996,-157,
1,-482,1093,1211,16788,4891,188,
1,-549,811,1423,17106,4180,138,
1,-674,949,1639,17608,3005,-823,
1,-648,2310,1533,13814,1685,-1409,
1,-604,2840,947,10048,502,-1199,
1,-518,2635,597,8675,185,-1207,
1,-491,2270,267,8501,491,-1396,
1,-528,2202,325,9459,983,-1585,
1,-560,2481,348,11050,1216,-1568,
1,-512,2709,176,11018,1304,-1595,
1,-568,3125,232,8233,1200,-1483,
1,-812,3374,482,5346,621,-1074,
1,-1160,4207,1005,1476,-413,-430,
1,-1324,4996,1065,-4111,-1943,1082,
1,-1166,4704,641,-7212,-2862,2152,
1,-966,3811,367,-8636,-3124,2735,
1,-654,3024,280,-9310,-2938,2851,
1,-368,2522,180,-9465,-2544,2728,
1,-164,2046,264,-8590,-2107,2563,
1,-55,1543,456,-7904,-1644,2257,
1,43,1170,552,-7111,-1194,1689,
1,103,993,685,-5249,-744,1086,
1,60,922,907,-4169,-343,733,
1,-2,915,1050,-3274,11,437,
1,-9,1100,1016,-2342,353,209,
1,-36,1344,987,-2140,640,12,
1,-107,1739,1003,-3285,808,-43,
1,-137,1998,947,-4897,858,46,
1,-174,2015,854,-6680,837,114,
1,-268,1855,997,-9137,687,23,
1,-341,1662,1249,-11267,462,172,
1,-450,1362,1552,-10538,241,408,
1,-571,1333,1756,-8782,-226,596,
1,-498,1298,1725,-7390,-602,874,
1,-372,1331,1520,-6421,-723,1043,
1,-256,1396,1398,-5800,-644,1139,
1,-239,1451,1366,-6016,-651,1230,
1,-225,1535,1415,-7358,-784,1432,
1,-238,1406,1421,-9382,-886,1728,
1,-273,973,1520,-10549,-1037,2018,
1,-281,426,1725,-10670,-1259,1897,
1,-263,-180,1928,-10429,-1324,1510,
0,-187,-390,2123,-9503,-1138,1005,
0,-130,-184,2135,-7029,-1057,564,
0,-107,70,2087,-4913,-754,337,
0,-38,347,1951,-3542,-532,367,
0,-21,436,1874,-2887,-281,435,
0,-42,373,1905,-2775,-103,408,
0,-73,322,1951,-2820,19,309,
0,-119,291,2066,-3216,-14,140,
0,-130,328,2067,-4152,-21,187,
0,-90,277,2034,-4095,39,355,
0,-142,113,2062,-3409,83,457,
0,-173,-67,2087,-2234,209,338,
0,-170,-44,2074,-894,374,163,
0,-172,81,2014,-118,526,151,
0,-142,106,1928,415,756,235,
0,-160,126,1956,748,827,160,
0,-205,131,2085,-28,729,34,
0,-250,133,2245,-1194,381,-127,
0,-288,184,2337,-2658,-58,-289,
0,-247,242,2245,-3458,-384,-217,
0,-187,222,2053,-2992,-484,-41,
0,-144,115,1956,-2055,-351,75,
0,-141,16,1928,-1350,-170,183,
0,-140,-65,1939,-641,-16,248,
0,-116,-43,1940,-23,115,225,
0,-146,-11,1967,-30,127,175,
0,-144,30,2008,-707,45,154,
0,-144,41,1977,-1220,-123,151,
0,-148,27,1996,-1764,-289,111,
0,-150,-14,2000,-2548,-390,130,
0,-114,-53,1953,-2662,-434,191,
0,-109,-82,1907,-2162,-378,255,
0,-79,-105,1839,-1415,-227,313,
0,-68,-117,1860,-866,-14,349,
0,-76,-175,1892,-308,131,407,
0,-79,-211,1944,134,305,461,
0,-101,-201,1985,777,347,455,
0,-132,-254,2082,908,268,315,
0,-186,-244,2199,-166,96,119,
0,-194,-201,2167,-1191,-173,55,
0,-156,-173,2097,-1404,-319,11,
0,-132,-134,2018,-1360,-318,93,
0,-102,-167,1934,-1136,-260,245,
0,-86,-155,1900,-925,-144,293,
0,-86,-178,1946,-851,-93,344,
0,-106,-119,1997,-1215,-108,415,
0,-71,-83,2015,-1322,-143,570,
0,-61,-105,2014,-973,-116,729,
0,-54,-167,2018,-605,-121,847,
0,-74,-296,2033,-629,-198,872,
0,-96,-393,2064,-866,-231,803,
0,-92,-459,2017,-891,-297,653,
0,-89,-473,1964,-870,-292,492,
0,-66,-442,1912,-845,-267,423,
0,-25,-414,1844,-550,-147,392,
0,-8,-360,1779,-190,45,376,
0,-11,-337,1785,106,230,380,
0,-40,-294,1829,266,387,426,
0,-66,-263,1931,405,459,498,
0,-124,-276,2135,723,384,456,
0,-193,-274,2287,639,171,370,
0,-222,-226,2283,79,-110,405,
0,-191,-199,2186,-18,-281,444,
0,-164,-306,2132,204,-387,461,
0,-142,-400,2071,92,-406,422,
0,-95,-438,1967,130,-344,370,
0,-31,-449,1898,603,-179,277,
0,-16,-419,1882,1273,-34,219,
0,-15,-408,1898,1545,89,181,
0,-40,-326,1926,1097,119,161,
0,-44,-231,1996,212,71,179,
0,-44,-231,1996,308,76,198,
0,-46,-207,2017,691,127,231,
0,-55,-209,2068,1088,182,258,
0,-96,-193,2101,1184,146,317,
0,-133,-214,2091,703,56,442,
0,-121,-204,2072,329,8,491,
0,-126,-231,2064,381,-2,460,
0,-128,-267,2084,673,14,422,
0,-142,-291,2065,1038,59,326,
0,-140,-252,2056,1251,118,144,
0,-154,-189,2063,890,94,-23,
0,-147,-105,2040,343,62,-28,
0,-129,-27,2007,194,72,27,
0,-137,2,2006,338,110,84,
0,-141,-27,2043,249,117,135,
0,-149,-49,2062,113,95,146,
0,-160,-65,2072,282,100,146,
0,-174,-75,2070,541,120,145,
0,-183,-54,2086,419,106,118,
0,-186,-66,2082,223,74,94,
0,-187,-60,2072,217,50,66,
0,-176,-86,2057,186,40,44,
0,-178,-125,2076,124,22,29,
0,-177,-132,2105,219,2,-9,
0,-165,-112,2100,402,-41,-41,
0,-140,-97,2088,642,-54,-56,
0,-173,-75,2130,635,-137,-128,
0,-159,-30,2132,156,-202,-132,
0,-158,-32,2130,-247,-309,-77,
0,-145,-70,2068,-223,-328,-48,
0,-125,-77,1994,86,-289,-48,
0,-106,-141,1955,803,-190,-105,
0,-82,-136,1927,1832,-72,-222,
0,-85,-118,1881,2590,98,-281,
0,-68,-223,2008,3528,238,-296,
0,-120,-272,2098,4331,201,-306,
0,-130,-224,2075,4076,147,-403,
0,-141,-210,2051,3283,-42,-435,
0,-134,-191,1979,2625,-263,-586,
0,-110,-222,1907,2607,-266,-706,
0,-175,-146,1906,3384,-251,-700,
0,-232,-58,1905,4524,-264,-582,
0,-219,-107,1701,6001,-207,-237,
0,-176,-294,1632,8237,78,-159,
0,-196,-552,1772,11092,375,-639,
0,-194,-565,1499,13062,450,-1289,
0,-126,-404,1201,14349,638,-1939,
0,-76,-146,834,14986,982,-2353,
0,-108,102,774,14982,1305,-2542,
0,-136,498,683,14935,1705,-2770,
0,-137,999,317,15706,2355,-2713,
0,-195,1747,415,18240,2890,-2339,
0,-257,2086,669,18760,3102,-1784,
0,-360,1812,868,17394,2971,-1444,
0,-442,1759,710,16612,2466,-1741,
0,-427,2148,523,16079,2051,-1961,
0,-659,2801,829,16016,1059,-1908,
0,-858,3634,978,12213,-272,-1465,
0,-919,4006,825,6956,-1542,-569,
0,-873,3842,513,3066,-2310,214,
0,-706,3421,-6,2397,-2429,825,
0,-518,2899,-253,2510,-1995,1004,
0,-277,2372,-447,2769,-1229,952,
0,-151,2058,-376,4074,-390,693,
0,-107,1809,-153,4490,217,372,
0,-85,1537,-69,5645,680,-134,
0,-143,1422,250,6298,966,-795,
0,-196,1649,342,5511,947,-1187,
0,-258,2283,260,4132,813,-1219,
0,-350,2894,185,2202,518,-805,
0,-412,3124,169,662,272,-300,
0,-444,3035,113,-515,105,87,
0,-435,2829,98,-1892,3,352,
0,-464,2519,217,-3408,-228,496,
1,-516,2251,449,-4667,-510,639,
1,-496,2128,476,-5375,-804,766,
1,-386,2053,266,-5900,-908,822,
1,-290,1907,99,-6024,-723,802,
1,-267,1701,60,-4929,-353,628,
1,-253,1472,133,-2329,89,213,
1,-222,1439,267,-1563,366,-82,
1,-185,1576,231,-1464,657,-307,
1,-180,1722,202,-1298,910,-443,
1,-318,1898,410,-1984,930,-556,
1,-434,2189,596,-4256,617,-458,
1,-458,2439,549,-6647,273,-181,
1,-454,2553,417,-8801,-26,164,
1,-494,2458,537,-10556,-278,522,
1,-582,2249,813,-10871,-472,855,
1,-657,2087,1051,-8062,-668,977,
1,-599,1909,1030,-5167,-707,1001,
1,-412,1621,610,-2501,-422,957,
1,-249,1086,392,1559,385,396,
1,-154,868,456,3224,1204,-234,
1,-145,1013,665,2767,1668,-737,
1,-180,1359,788,2266,1819,-985,
1,-380,1874,1239,752,1495,-1183,
1,-596,2451,1550,-3020,503,-790,
1,-631,2845,1488,-5347,-398,-171,
1,-642,2855,1426,-6130,-1067,509,
1,-632,2573,1409,-7004,-1576,1044,
1,-535,2272,1327,-7989,-1897,1464,
1,-368,1900,991,-7439,-1709,1813,
1,-204,1478,800,-4504,-1005,1849,
1,-126,1096,799,-2386,-282,1595,
1,-48,937,872,-2107,325,1220,
1,-37,967,909,-1890,730,824,
1,-106,1121,1011,-1221,934,343,
1,-312,1460,1560,-2408,657,-74,
1,-464,1991,1873,-5898,-206,76,
1,-465,2273,1736,-7666,-947,492,
1,-410,2166,1604,-8221,-1432,991,
1,-357,1745,1615,-9099,-1729,1341,
1,-285,1329,1594,-9621,-1846,1487,
1,-116,1140,1368,-9087,-1555,1594,
1,-28,851,1064,-5914,-853,1461,
1,40,593,949,-2341,153,1095,
1,62,503,993,-690,1049,746,
1,24,408,1069,543,1724,214,
1,-60,474,1335,2319,2142,-441,
0,-177,697,1718,2369,2218,-857,
0,-300,1059,2022,593,1691,-892,
0,-353,1340,2063,-849,1061,-754,
0,-389,1518,2028,-1797,515,-455,
0,-393,1601,2000,-2604,96,-98,
0,-396,1499,1925,-3111,-198,208,
0,-351,1369,1843,-3369,-331,374,
0,-304,1237,1762,-3485,-348,451,
0,-284,1066,1715,-3482,-320,604,
0,-257,989,1676,-3433,-207,643,
0,-264,768,1707,-2941,-148,587,
0,-256,618,1800,-2409,-61,433,
0,-258,586,1884,-2337,-64,305,
0,-224,693,1841,-2297,-83,297,
0,-223,877,1747,-1949,-57,273,
0,-236,932,1737,-1569,11,325,
0,-245,916,1764,-1458,97,378,
0,-239,868,1766,-1414,177,402,
0,-239,848,1776,-1398,272,382,
0,-240,877,1764,-1479,327,374,
0,-250,845,1888,-1975,323,393,
0,-332,737,2061,-3173,36,497,
0,-326,692,2126,-4285,-332,545,
0,-303,645,2087,-4846,-656,496,
0,-287,558,2082,-5558,-873,468,
0,-222,580,2059,-5770,-953,479,
0,-252,498,2056,-5722,-1027,434,
0,-235,547,2020,-5733,-1133,413,
0,-186,503,1917,-5203,-1196,436,
0,-172,458,1901,-4950,-1073,353,
0,-123,432,1786,-4554,-930,389,
0,-76,416,1627,-3902,-634,443,
0,-43,326,1572,-3046,-200,550,
0,-58,253,1665,-2351,169,657,
0,-99,144,1795,-1780,393,737,
0,-155,25,1956,-1221,497,659,
0,-269,-124,2250,-1202,295,373,
0,-316,-154,2434,-2240,-92,182,
0,-311,-92,2455,-2953,-588,6,
0,-328,-2,2461,-3673,-1059,-251,
0,-269,127,2343,-4585,-1328,-214,
0,-188,170,2030,-4381,-1341,-23,
0,-104,96,1759,-3044,-1041,206,
0,-42,16,1617,-1755,-591,401,
0,-8,-71,1560,-964,-96,567,
0,4,-130,1557,-436,355,619,
0,-19,-153,1669,-340,678,604,
0,-80,-240,1881,-534,752,566,
0,-154,-344,2153,-1014,582,405,
0,-199,-429,2366,-1385,239,161,
0,-231,-456,2423,-1782,-182,-88,
0,-221,-405,2345,-1896,-509,-213,
0,-160,-237,2180,-1702,-652,-229,
0,-118,-203,2003,-1222,-620,-136,
0,-82,-244,1848,-499,-443,-49,
0,-47,-323,1787,176,-186,-18,
0,-51,-383,1852,539,-5,-51,
0,-42,-352,1881,407,54,-121,
0,-27,-344,1842,380,150,-174,
0,-32,-332,1873,264,215,-189,
0,-35,-343,1947,40,272,-193,
0,-64,-367,2074,429,300,-263,
0,-95,-343,2188,1069,239,-357,
0,-126,-239,2211,1054,126,-369,
0,-119,-216,2121,1233,6,-294,
0,-71,-171,2032,1555,79,-248,
0,-58,-175,1944,1722,190,-216,
0,-45,-232,1891,1806,301,-197,
0,-40,-253,1897,1656,406,-257,
0,-52,-232,1944,1073,444,-310,
0,-64,-191,1964,501,414,-306,
0,-86,-118,2057,249,371,-305,
0,-140,-102,2196,-78,218,-290,
0,-162,-109,2256,56,68,-309,
0,-168,-85,2266,504,-34,-311,
0,-170,-8,2207,462,-172,-210,
0,-151,-4,2088,205,-269,-77,
0,-120,-42,1980,17,-275,-22,
0,-97,-107,1899,118,-172,-28,
0,-70,-130,1858,310,-47,-46,
0,-67,-111,1838,391,78,-69,
0,-54,-48,1840,361,220,-77,
0,-79,-13,1923,-41,233,-84,
0,-121,-64,2049,-761,135,20,
0,-146,-95,2138,-1143,-13,98,
0,-130,-118,2181,-929,-96,88,
0,-139,-144,2189,-801,-217,130,
0,-124,-145,2101,-787,-280,134,
0,-100,-152,2018,-585,-237,95,
0,-83,-172,1919,-230,-124,109,
0,-82,-171,1898,134,44,121,
0,-116,-140,1925,360,167,19,
0,-131,-118,1975,309,248,-16,
0,-129,-92,1962,569,309,-37,
0,-110,-114,1951,1013,426,-99,
0,-115,-153,2031,1257,474,-160,
0,-129,-215,2163,1200,448,-206,
0,-156,-217,2268,1500,364,-280,
0,-176,-201,2367,2728,284,-348,
0,-221,-156,2284,4286,157,-471,
0,-189,-161,2160,4886,-25,-522,
0,-116,-86,1989,5165,-116,-665,
0,-77,-15,1790,6100,-85,-808,
0,-10,-185,1751,7460,421,-1001,
0,-65,-229,1884,10301,940,-1344,
0,-166,-384,1814,11854,1102,-1502,
0,-130,-687,1974,12306,1259,-1936,
0,-182,-841,2101,12848,986,-2175,
0,-197,-984,2157,13199,737,-2368,
0,-171,-451,1873,12281,401,-2169,
0,12,391,987,9926,458,-1820,
0,130,1174,224,8627,1166,-1573,
0,116,1210,-83,9183,2111,-1255,
0,-122,718,386,12668,3149,-1436,
0,-315,444,521,15324,3873,-1865,
0,-456,724,296,17290,4277,-2318,
0,-518,1528,52,18034,4631,-2742,
0,-615,2085,110,18096,4761,-2822,
1,-900,2636,636,17493,4097,-2524,
1,-1042,2716,1098,15542,2959,-2133,
1,-944,2889,905,12100,1901,-1861,
1,-886,2963,653,8223,1101,-1463,
1,-930,2707,462,6608,588,-1053,
1,-910,2536,265,6021,322,-930,
1,-814,2544,35,5044,228,-854,
1,-748,2517,-225,4196,266,-786,
1,-721,2116,-415,5746,575,-933,
1,-751,2025,-404,6344,883,-1251,
1,-773,2235,-423,5952,1045,-1365,
1,-963,2612,-300,5955,944,-1144,
1,-1077,2839,-46,6001,700,-763,
1,-1050,2961,-88,4081,307,-332,
1,-998,3062,-141,1447,-135,205,
1,-985,3078,-96,-700,-587,775,
1,-918,2933,-122,-2421,-990,1312,
1,-771,2672,-185,-3268,-1166,1646,
1,-624,2179,-212,-3835,-1159,1747,
1,-438,1706,-314,-4183,-890,1451,
1,-262,1362,-368,-4758,-419,979,
1,-225,1330,-272,-4908,53,471,
1,-278,1397,-144,-4167,464,-16,
1,-376,1610,75,-2804,759,-334,
1,-538,1913,318,-1924,748,-341,
1,-635,2302,370,-1508,615,-158,
1,-683,2411,363,-1766,396,40,
1,-694,2439,399,-2967,129,227,
1,-686,2475,399,-4725,-200,457,
1,-674,2464,397,-6998,-584,638,
1,-621,2316,482,-8717,-856,733,
1,-653,2034,600,-9796,-1160,892,
1,-721,2011,772,-10686,-1546,1144,
1,-794,1998,1046,-10576,-1946,1432,
1,-731,1909,1032,-9028,-2127,1536,
1,-623,1862,860,-7030,-2055,1515,
1,-530,1701,678,-5057,-1820,1419,
1,-421,1520,638,-4243,-1412,1238,
1,-349,1480,596,-4158,-1038,1032,
1,-291,1517,515,-3632,-667,726,
1,-288,1347,597,-3455,-304,245,
1,-311,1223,989,-5319,-190,-52,
1,-393,1324,1244,-7475,-414,-122,
1,-406,1627,1294,-8140,-609,50,
1,-517,1622,1560,-7383,-870,359,
1,-616,1648,1876,-6390,-1186,727,
1,-586,1721,1838,-5633,-1498,1119,
1,-448,1814,1548,-5200,-1550,1491,
1,-401,1754,1274,-4587,-1483,1634,
1,-404,1366,1312,-4245,-1393,1335,
1,-425,964,1424,-4662,-1445,637,
1,-344,721,1438,-4824,-1418,80,
1,-210,925,1434,-5474,-1145,-163,
1,-210,994,1446,-6007,-1019,-127,
1,-203,817,1488,-5693,-880,-2,
1,-183,706,1559,-4955,-579,96,
1,-189,726,1591,-3834,-249,140,
1,-172,834,1558,-2875,52,247,
1,-181,947,1553,-2458,338,471,
1,-212,1057,1528,-2064,525,520,
1,-445,929,2117,-1962,327,49,
0,-445,929,2117,-2515,148,4,
0,-446,941,2177,-3536,-238,17,
0,-435,941,2177,-3999,-617,136,
0,-406,880,2109,-4028,-885,291,
0,-369,815,2013,-3523,-981,361,
0,-305,788,1887,-2806,-890,328,
0,-267,725,1766,-2368,-739,271,
0,-238,637,1708,-2240,-556,240,
0,-200,615,1672,-2232,-327,208,
0,-181,616,1691,-1974,-90,196,
0,-182,627,1729,-1660,81,140,
0,-199,703,1797,-1651,154,88,
0,-253,557,1916,-2375,37,105,
0,-302,400,2101,-3273,-122,130,
0,-295,448,2133,-3439,-297,125,
0,-262,522,2072,-3027,-368,36,
0,-269,530,2076,-2814,-508,69,
0,-268,470,2154,-3049,-603,207,
0,-262,417,2162,-2796,-679,249,
0,-248,424,2108,-2263,-727,223,
0,-215,459,2038,-2016,-706,232,
0,-180,435,1964,-1773,-650,297,
0,-160,411,1908,-1742,-556,319,
0,-133,431,1839,-1943,-474,360,
0,-96,426,1735,-1925,-317,414,
0,-105,258,1703,-1825,-189,323,
0,-183,-6,1913,-2134,-103,132,
0,-214,-109,2034,-2144,-57,-28,
0,-165,28,2044,-1585,-34,-117,
0,-152,183,2020,-1092,-48,-51,
0,-151,209,2031,-991,-68,13,
0,-168,155,2111,-1237,-114,1,
0,-174,129,2115,-1471,-190,2,
0,-165,143,2054,-1410,-240,13,
0,-143,175,1993,-1253,-224,27,
0,-146,222,1962,-1336,-193,79,
0,-136,228,1950,-1738,-97,181,
0,-140,204,1939,-1732,-27,235,
0,-153,95,1921,-1403,10,251,
0,-178,-184,1962,-1118,85,80,
0,-188,-375,2020,-790,186,-73,
0,-158,-251,2062,-307,301,-197,
0,-125,-85,1998,275,340,-172,
0,-96,7,1924,620,454,-82,
0,-117,-24,1943,776,477,-131,
0,-161,-76,2088,66,416,-301,
0,-196,-88,2194,-694,237,-433,
0,-184,-45,2210,-888,55,-454,
0,-182,24,2131,-803,-47,-364,
0,-172,65,2031,-432,-24,-266,
0,-154,70,1963,9,84,-165,
0,-177,46,1915,156,160,-76,
0,-174,-51,1962,80,286,-54,
0,-190,-87,2011,87,317,-52,
0,-174,-65,1997,372,407,-20,
0,-167,5,1952,756,473,27,
0,-183,10,2013,736,452,-2,
0,-212,-16,2108,147,370,-40,
0,-217,14,2161,-170,225,-85,
0,-214,21,2142,-78,122,-24,
0,-219,36,2136,221,45,11,
0,-235,40,2163,42,-31,12,
0,-236,22,2153,-144,-111,11,
0,-231,14,2129,-145,-140,13,
0,-238,-4,2079,-25,-158,21,
0,-217,17,2030,167,-122,48,
0,-198,71,1981,267,-86,60,
0,-204,74,1962,272,-24,70,
0,-210,35,1994,130,32,83,
0,-214,18,2034,289,15,27,
0,-207,69,2041,303,-5,-10,
0,-206,113,2025,85,-51,-7,
0,-196,103,2003,-49,-52,1,
0,-196,85,1983,-123,-38,31,
0,-168,108,1961,10,0,21,
0,-159,109,1970,207,72,-23,
0,-158,134,1987,59,33,-7,
0,-169,89,2063,-157,5,13,
0,-193,59,2130,-411,-89,42,
0,-202,27,2157,-310,-182,32,
0,-188,25,2113,-19,-233,6,
0,-173,67,2041,80,-200,-14,
0,-152,104,1974,18,-126,-5,
0,-146,97,1899,124,-24,-17,
0,-148,38,1906,258,78,-3,
0,-171,35,1950,226,130,-50,
0,-170,51,2018,191,165,-62,
0,-211,95,2083,83,127,-29,
0,-235,98,2131,-129,32,-14,
0,-243,10,2147,-62,-64,-59,
0,-237,10,2167,73,-143,-114,
0,-193,73,2091,131,-170,-96,
0,-183,89,2009,187,-131,-85,
0,-172,40,1968,399,-85,-101,
0,-181,13,2006,280,-32,-115,
0,-183,0,2010,385,-2,-105,
0,-176,23,1955,946,37,-152,
0,-180,29,1950,1205,90,-239,
0,-180,5,1936,1303,127,-329,
0,-180,8,1971,1794,193,-393,
0,-242,0,2077,2728,186,-322,
0,2077,2728,186,-322,-258,0,
0,-258,83,2257,4621,181,-334,
0,-304,-38,2395,7139,150,-414,
0,-268,-88,2348,10777,133,-764,
0,-315,-105,2016,13806,239,-951,
0,-187,-48,1573,14173,571,-875,
1,-61,-172,1290,12873,860,-689,
1,110,-416,1071,12207,1495,-869,
1,130,-418,970,13346,2296,-1249,
1,32,-37,994,13559,2860,-1241,
1,-128,400,1216,13773,3182,-825,
1,-361,685,1428,15661,3383,-364,
1,-598,786,1661,18383,3011,-161,
1,-645,897,1325,20252,2409,-574,
1,-483,1098,547,20692,2211,-1274,
1,-392,1124,-68,20596,2246,-2018,
1,-396,1301,-420,19257,2384,-2542,
1,-482,1674,-418,17701,2405,-2790,
1,-583,1780,-351,16230,2299,-2736,
1,-772,2021,-300,15804,1948,-2581,
1,-806,2370,-295,14168,1405,-2245,
1,-808,2648,-456,11318,697,-1814,
1,-784,2809,-688,8292,152,-1409,
1,-784,2881,-828,5628,-233,-999,
1,-842,2954,-815,3269,-507,-566,
1,-923,2992,-743,965,-769,-96,
1,-922,3127,-868,-579,-905,334,
1,-912,3095,-864,-273,-795,577,
1,-869,2794,-763,278,-665,659,
1,-780,2492,-729,699,-464,551,
1,-665,2330,-719,657,-259,424,
1,-615,2320,-651,114,-96,342,
1,-601,2321,-495,-521,7,323,
1,-554,2274,-496,-1364,67,298,
1,-506,2252,-576,-2102,111,283,
1,-539,2153,-481,-2359,177,273,
1,-571,2202,-276,-2839,96,398,
1,-551,2187,-240,-3124,2,542,
1,-511,2129,-230,-3323,20,623,
1,-503,2114,-180,-3632,-3,733,
1,-496,2137,-183,-3799,-4,776,
1,-497,2075,-85,-4418,-44,779,
1,-471,2148,-90,-5363,-114,846,
1,-468,2200,-54,-6424,-174,962,
1,-532,2129,68,-7719,-361,1176,
1,-546,2055,156,-7744,-506,1240,
1,-540,2014,208,-6991,-545,1251,
1,-482,2014,282,-6550,-537,1268,
1,-421,2024,326,-6363,-455,1262,
1,-445,1957,396,-6031,-409,1150,
1,-423,1916,407,-5646,-368,1042,
1,-398,1760,362,-4982,-268,934,
1,-363,1782,364,-5174,-153,703,
0,-349,1818,422,-6298,-132,625,
0,-370,1954,543,-7314,-214,715,
0,-435,2018,616,-7560,-325,874,
0,-570,1951,867,-6838,-517,969,
0,-676,1894,1358,-5687,-787,1047,
0,-687,1866,1563,-4875,-1248,1171,
0,-559,1840,1412,-4810,-1597,1249,
0,-431,1849,1189,-5174,-1705,1323,
0,-340,1858,1033,-5520,-1682,1406,
0,-267,1807,970,-5701,-1472,1410,
0,-234,1681,868,-5370,-1320,1342,
0,-183,1580,877,-5394,-1042,1198,
0,-173,1424,979,-5925,-872,1130,
0,-159,1355,1061,-6327,-714,1131,
0,-218,1347,1251,-6120,-627,1145,
0,-251,1271,1431,-5151,-633,1045,
0,-225,1224,1516,-4082,-587,899,
0,-180,1280,1516,-3353,-482,817,
0,-128,1348,1450,-2977,-404,828,
0,-129,1394,1456,-3076,-337,867,
0,-125,1392,1478,-3406,-277,997,
0,-122,1440,1504,-3879,-257,1086,
0,-136,1434,1511,-4309,-264,1097,
0,-121,1342,1554,-5057,-308,1103,
0,-134,1214,1602,-5899,-421,1152,
0,-93,1121,1586,-6359,-452,1100,
0,-78,977,1551,-6320,-407,1025,
0,-34,913,1556,-5922,-262,935,
0,-47,887,1583,-5372,-91,941,
0,-59,871,1701,-4527,6,976,
0,-115,770,1843,-3454,51,1006,
0,-158,710,1940,-2738,-52,887,
0,-156,764,2014,-2769,-177,770,
0,-129,824,1950,-3006,-335,741,
0,-100,852,1857,-3194,-407,764,
0,-81,821,1823,-3421,-380,776,
0,-81,748,1824,-3507,-334,736,
0,-75,684,1859,-3644,-302,688,
0,-83,599,1868,-3581,-282,650,
0,-81,519,1886,-3331,-241,586,
0,-61,457,1903,-3036,-177,546,
0,-71,470,1960,-2988,-181,465,
0,-73,485,2012,-3038,-211,430,
0,-48,456,2004,-2889,-220,429,
0,-46,406,1965,-2475,-246,372,
0,-41,406,1998,-2381,-229,299,
0,-28,392,1973,-2350,-257,268,
0,-29,406,1937,-2408,-258,262,
0,-1,385,1901,-2262,-159,298,
0,6,352,1870,-1965,-52,312,
0,0,259,1910,-1776,90,305,
0,-31,171,2032,-1783,138,232,
0,-56,98,2073,-1972,99,173,
0,-31,83,2090,-1814,65,66,
0,-44,99,2081,-1432,62,-32,
0,-36,134,2069,-1056,60,-77,
0,-24,195,2046,-894,76,-81,
0,-7,232,1996,-757,143,-49,
0,-5,279,1945,-580,225,-16,
0,-21,321,1988,-544,276,4,
0,-46,303,1992,-683,266,55,
0,-70,219,2080,-1004,222,161,
0,-100,118,2155,-1007,101,149,
0,-107,40,2220,-820,-63,70,
0,-106,17,2254,-907,-220,83,
0,-79,116,2215,-1033,-375,54,
0,-45,97,2105,-972,-451,121,
0,-20,81,2035,-862,-495,130,
0,-9,89,1997,-1057,-518,53,
0,10,78,1944,-1271,-507,-31,
0,9,82,1918,-1631,-538,-29,
0,38,73,1893,-1881,-442,78,
0,28,81,1941,-1859,-362,101,
0,37,51,1965,-1846,-261,130,
0,21,6,2070,-1772,-257,155,
0,-1,12,2152,-1991,-344,119,
0,1,0,2136,-2101,-426,121,
0,21,32,2069,-2027,-448,120,
0,53,-5,1992,-1926,-372,171,
0,66,-96,1953,-1546,-274,174,
0,75,-193,1948,-1126,-145,123,
0,87,-225,1957,-920,-35,72,
0,87,-274,1945,-827,64,119,
0,71,-275,1964,-609,137,128,
0,37,-251,2116,-760,88,88,
0,2,-206,2198,-1533,-87,86,
0,34,-187,2128,-1704,-192,60,
0,68,-235,2096,-1128,-228,48,
0,63,-270,2085,-816,-249,34,
0,81,-306,2021,-583,-200,4,
0,93,-339,1952,-227,-124,-1,
0,104,-343,1901,73,-14,10,
0,113,-332,1883,335,112,-5,
0,106,-303,1935,403,195,-52,
0,67,-252,2028,62,184,-118,
0,41,-271,2069,-169,126,-141,
0,33,-223,2078,-176,70,-162,
0,18,-205,2076,-39,34,-162,
0,16,-226,2081,-1,11,-173,
0,-8,-240,2147,-86,-66,-205,
0,-9,-209,2140,-224,-145,-187,
0,18,-166,2082,-190,-162,-120,
0,40,-146,1997,94,-153,-47,
0,61,-155,1950,161,-94,0,
0,59,-183,1926,-106,-30,4,
0,60,-194,1913,-295,12,10,
0,53,-237,1960,-228,26,67,
0,59,-212,2006,-85,20,54,
0,56,-225,2009,-146,-13,46,
0,53,-283,2017,-235,-39,11,
0,45,-304,2049,-347,-65,-31,
0,55,-298,2044,-270,-49,-69,
0,77,-264,2002,25,28,-122,
0,64,-241,1955,278,40,-129,
0,86,-204,1944,393,141,-98,
0,61,-220,1963,362,164,-52,
0,53,-234,2013,224,185,-5,
0,50,-226,2039,222,163,11,
0,48,-240,2031,219,142,17,
0,40,-256,2112,147,66,-22,
0,13,-273,2173,-249,-90,-27,
0,32,-255,2136,-366,-204,8,
0,54,-221,2079,2,-263,-6,
0,71,-234,2019,84,-257,0,
0,82,-263,1949,115,-186,-5,
0,101,-262,1892,457,-6,-126,
0,86,-289,1857,754,125,-210,
0,81,-338,1838,1195,301,-286,
0,63,-310,1957,2174,411,-435,
0,37,-340,1995,3080,548,-579,
0,-6,-334,2300,4815,406,-685,
0,-83,-171,2367,6139,132,-688,
0,-95,-25,2320,6643,-76,-672,
0,-87,50,2158,7545,-304,-461,
0,-11,-99,1875,7918,-366,-279,
0,87,-322,1681,8710,82,-416,
0,-10,-570,1676,9264,-16,-468,
0,139,-811,1716,9574,682,-1136,
0,63,-822,1617,11896,1484,-1943,
0,-60,-344,1481,15405,2018,-2448,
1,-118,187,1153,17612,2279,-2340,
1,-132,467,1149,18591,2302,-2130,
1,-126,675,951,18834,2059,-1929,
1,-66,833,866,18464,1661,-2008,
1,22,826,662,16738,1622,-2222,
1,-227,1323,649,13901,1889,-3087,
1,-227,1323,649,13744,1987,-3229,
1,-233,1702,401,12855,2138,-3313,
1,-279,2056,106,12471,2068,-3180,
1,-366,2540,74,11463,1763,-2954,
1,-463,2859,214,10000,1262,-2612,
1,-566,3007,399,8494,844,-2207,
1,-681,3076,537,7302,504,-1706,
1,-736,3189,474,6122,181,-1211,
1,-723,3168,201,4510,-109,-834,
1,-712,3059,26,2913,-278,-469,
1,-693,2819,-8,2457,-353,-262,
1,-621,2613,-69,1997,-325,-142,
1,-544,2323,-116,2309,-163,-159,
1,-527,2240,-101,2746,8,-244,
1,-495,2177,-93,2524,94,-320,
1,-472,2200,-43,1986,150,-413,
1,-456,2253,58,1109,205,-405,
1,-427,2276,56,617,267,-369,
1,-395,2368,-22,102,312,-304,
1,-398,2390,-40,-436,331,-211,
1,-421,2439,12,-1093,315,-60,
1,-430,2444,77,-1966,260,175,
1,-437,2333,160,-2513,194,323,
1,-444,2250,250,-2786,120,445,
1,-452,2245,255,-3485,12,589,
1,-454,2168,300,-4219,-89,704,
1,-423,2102,255,-4676,-117,798,
1,-401,1995,243,-4552,-134,810,
1,-399,1881,279,-4625,-117,725,
1,-381,1879,255,-5260,-145,717,
1,-342,1850,229,-5492,-83,692,
1,-331,1812,268,-5597,-13,640,
1,-331,1795,313,-5951,90,566,
1,-346,1810,419,-6340,185,526,
1,-435,1905,709,-5960,206,557,
1,-546,2045,995,-5505,42,650,
1,-585,2179,1086,-5363,-365,796,
1,-603,2206,1123,-5634,-736,980,
1,-594,2156,1151,-5908,-1040,1161,
0,-565,2137,1128,-6208,-1275,1309,
0,-463,2042,976,-6347,-1388,1395,
0,-385,1897,880,-6419,-1377,1354,
0,-316,1709,837,-6722,-1272,1263,
0,-288,1622,884,-6736,-1154,1248,
0,-320,1502,1104,-6020,-1148,1399,
0,-361,1365,1410,-4782,-1243,1411,
0,-372,1230,1609,-3303,-1352,1245,
0,-293,1320,1583,-2826,-1493,1073,
0,-204,1404,1479,-3323,-1543,1028,
0,-157,1482,1431,-3879,-1578,1034,
0,-141,1595,1474,-4449,-1691,1059,
0,-144,1638,1508,-5333,-1837,1211,
0,-115,1570,1505,-6133,-1926,1309,
0,-63,1435,1444,-6692,-1898,1389,
0,-19,1287,1388,-7104,-1753,1350,
0,45,1215,1315,-7243,-1614,1322,
0,86,1088,1330,-6765,-1405,1279,
0,98,931,1459,-6249,-1177,1163,
0,106,770,1453,-5610,-979,984,
0,106,628,1567,-4839,-750,633,
0,133,586,1612,-3905,-641,347,
0,151,646,1623,-3656,-498,207,
0,194,653,1616,-3652,-295,94,
0,181,650,1626,-3799,-118,-62,
0,175,653,1651,-4275,12,-124,
0,161,642,1595,-4541,111,68,
0,139,592,1690,-4699,390,102,
0,102,503,1751,-3913,535,-24,
0,15,490,1939,-2913,597,-192,
0,-44,677,2119,-2042,457,-146,
0,-57,794,2190,-1353,236,21,
0,-64,847,2226,-957,-42,50,
0,-67,918,2263,-1874,-314,144,
0,-62,919,2148,-3047,-502,350,
0,-41,784,2088,-3182,-586,459,
0,-46,554,2092,-2848,-597,479,
0,-25,394,2097,-2501,-514,432,
0,13,336,2030,-1977,-429,323,
0,30,310,1968,-2089,-289,291,
0,77,400,1927,-2725,-192,375,
0,101,429,1946,-2944,-166,386,
0,116,386,2001,-3033,-143,419,
0,93,276,1995,-2386,-202,362,
0,84,238,2061,-2128,-217,303,
0,79,238,2080,-2059,-250,341,
0,66,212,1978,-2066,-243,427,
0,80,237,1970,-2505,-126,445,
0,131,135,1948,-2317,7,401,
0,100,39,1993,-1949,61,247,
0,74,-35,1997,-2020,157,154,
0,84,-6,2067,-2046,148,52,
0,110,104,2060,-2131,104,2,
0,94,90,2068,-1993,80,-7,
0,54,113,2138,-1587,-86,22,
0,65,100,2080,-1456,-186,109,
0,80,68,1941,-1487,-129,78,
0,117,26,1861,-1082,34,12,
0,94,4,1879,-873,193,-10,
0,77,-25,1917,-576,323,-55,
0,59,-19,1983,-279,353,-104,
0,18,12,2076,-579,312,-133,
0,23,47,2086,-1221,253,-66,
0,39,53,2026,-1165,196,-12,
0,40,26,2009,-905,178,28,
0,47,-43,1963,-823,238,32,
0,64,-77,1913,-896,364,25,
0,85,-108,1846,-636,511,8,
0,71,-198,1878,-163,666,-44,
0,35,-183,2052,3,644,-136,
0,29,-209,2090,9,607,-239,
0,17,-187,2110,13,523,-343,
0,-5,-103,2202,-555,380,-306,
0,16,-30,2184,-843,255,-225,
0,4,-26,2141,-799,165,-109,
0,13,-77,2082,-452,72,-36,
0,24,-104,2052,-522,58,-18,
0,55,-103,1933,-829,135,14,
0,91,-138,1820,-854,297,40,
0,94,-181,1793,-424,471,-1,
0,63,-245,1800,-124,637,-60,
0,27,-268,1924,44,730,-126,
0,-6,-274,2081,226,664,-209,
0,-43,-191,2202,31,475,-262,
0,-47,-95,2287,-322,236,-259,
0,-46,-10,2265,-672,-9,-156,
0,-44,-45,2137,-742,-143,-40,
0,-26,-131,1988,-662,-120,-7,
0,10,-168,1873,-671,20,-27,
0,34,-200,1802,-653,242,-88,
0,48,-235,1783,-491,451,-58,
0,12,-243,1874,-342,609,-91,
0,-18,-250,1971,-20,644,-152,
0,-57,-211,2129,-275,563,-183,
0,-65,-185,2206,-359,432,-158,
0,-65,-156,2212,-137,242,-112,
0,-86,-154,2198,-38,80,-88,
0,-83,-167,2194,-314,-38,-62,
0,-68,-188,2110,-342,-102,-62,
0,-51,-203,2005,-164,-55,-80,
0,-29,-130,1924,-170,54,-96,
0,-26,-163,1889,-167,180,-67,
0,-18,-178,1909,-43,283,-70,
0,-30,-203,1957,43,333,-79,
0,-47,-217,2016,-149,358,-69,
0,-45,-236,2017,-115,339,-112,
0,-58,-276,2014,93,322,-140,
0,-54,-285,2034,298,288,-203,
0,-66,-291,2057,254,260,-250,
0,-75,-266,2076,250,208,-289,
0,-81,-265,2087,217,148,-313,
0,-73,-214,2085,332,116,-322,
0,-88,-196,2146,390,29,-330,
0,-94,-128,2150,24,-69,-233,
0,-72,-52,2098,-55,-146,-127,
0,-66,-72,2059,164,-149,-35,
0,-80,-112,2046,343,-140,36,
0,-58,-151,1997,486,-73,71,
0,-41,-171,1937,703,11,49,
0,-25,-216,1938,844,104,-5,
0,-14,-224,1947,766,187,-45,
0,-32,-252,1988,816,242,-155,
0,-47,-300,2119,1177,220,-282,
0,-60,-235,2177,1486,131,-360,
0,-53,-144,2148,1822,58,-380,
0,-57,-142,2050,2028,65,-357,
0,-33,-152,1975,2566,144,-406,
0,-35,-151,1922,3318,265,-440,
0,-17,-112,1794,4045,497,-439,
0,-11,-142,1682,5056,873,-426,
0,-28,-161,1628,6465,1310,-501,
0,-50,-192,1570,7964,1825,-579,
0,-88,-172,1714,9886,2234,-706,
0,-156,-147,1794,12215,2551,-957,
0,-251,-31,1924,13937,2637,-1111,
0,-205,221,1949,14374,2581,-1282,
0,-220,478,2129,15834,2665,-1466,
0,-257,767,2061,17776,2205,-1465,
0,-242,591,1679,17017,1983,-1418,
0,-83,462,1183,16551,2260,-1800,
0,-191,476,1046,15614,2631,-2077,
0,-411,1077,924,15454,2769,-2026,
0,-465,1731,1093,17102,2585,-1768,
1,-691,1986,1158,17219,1938,-1331,
1,-640,1913,850,15916,1333,-1259,
1,-482,1754,462,13582,1101,-1463,
1,-415,1824,342,10739,1061,-1595,
1,-418,1969,205,8628,1010,-1407,
1,-596,1877,404,8882,899,-1383,
1,-562,1926,161,8979,794,-1404,
1,-471,1859,-277,9336,913,-1689,
1,-514,1911,-308,8460,1109,-2051,
1,-721,2374,-106,7484,936,-1847,
1,-857,2786,81,6430,519,-1343,
1,-888,2945,-84,4852,99,-746,
1,-928,3132,-175,3697,-228,-151,
1,-870,2944,-397,2598,-417,355,
1,-796,2452,-644,3040,-319,374,
1,-705,2215,-670,2790,-102,218,
1,-682,2052,-553,2194,23,98,
1,-596,1924,-574,2053,193,-27,
1,-536,1860,-537,1604,370,-190,
1,-542,1891,-474,1177,457,-335,
1,-534,1998,-495,1163,576,-478,
1,-527,2030,-427,355,627,-531,
1,-505,2072,-472,-406,701,-461,
1,-563,1982,-322,-156,785,-403,
1,-611,2009,-112,-473,668,-253,
1,-589,2112,-185,-1061,549,-70,
1,-627,2150,-286,-1203,454,33,
1,-642,2064,-230,-1021,356,51,
1,-653,1980,-88,-1596,205,90,
1,-631,2024,-99,-1885,126,187,
1,-646,2024,-100,-1957,32,247,
1,-616,2005,-149,-2200,-38,321,
1,-642,2003,-93,-2281,-126,371,
1,-610,1891,-107,-2253,-168,389,
1,-563,1771,-185,-1649,-45,287,
1,-560,1708,-158,-1244,86,122,
1,-543,1766,-192,-1196,220,-20,
1,-524,1816,-217,-1486,342,-155,
1,-534,1746,-198,-1675,453,-327,
1,-551,1745,-185,-1518,595,-524,
1,-587,1886,-96,-1950,612,-573,
1,-626,2067,-100,-2942,530,-501,
1,-662,2240,-79,-3864,423,-304,
1,-747,2391,135,-4861,178,32,
1,-833,2499,340,-5699,-296,492,
1,-866,2580,474,-5446,-785,885,
0,-868,2559,710,-5312,-1142,1210,
0,-871,2467,829,-5861,-1583,1496,
0,-812,2380,700,-6396,-1897,1678,
0,-741,2206,594,-6444,-2005,1720,
0,-668,2151,495,-6624,-2110,1788,
0,-587,2105,453,-7281,-2158,1877,
0,-519,2102,440,-7990,-2120,1948,
0,-462,2124,350,-8646,-1980,2011,
0,-420,2166,307,-9478,-1790,2091,
0,-410,2205,300,-10553,-1650,2262,
0,-454,1843,525,-11391,-1620,2125,
0,-451,1568,959,-11906,-1671,1835,
0,-405,1579,1189,-11489,-1814,1667,
0,-368,1580,1347,-10301,-1992,1591,
0,-326,1420,1469,-9412,-2096,1540,
0,-244,1223,1449,-8698,-2113,1421,
0,-153,1091,1326,-7869,-1913,1226,
0,-54,1104,1137,-7242,-1589,1035,
0,13,1050,1011,-7123,-1157,937,
0,26,898,1230,-7795,-658,1084,
0,-21,781,1361,-7837,-376,1117,
0,-86,761,1490,-7175,-215,978,
0,-139,682,1765,-6994,-161,934,
0,-196,681,1913,-7002,-274,888,
0,-222,651,1980,-6508,-495,821,
0,-194,687,2021,-5797,-570,651,
0,-154,744,1943,-5007,-595,611,
0,-127,775,1822,-4010,-503,528,
0,-123,741,1722,-3261,-381,490,
0,-79,789,1718,-3165,-146,533,
0,-94,758,1702,-3269,37,643,
0,-118,732,1812,-3996,171,777,
0,-158,596,1965,-4523,166,945,
0,-229,387,2215,-4732,-33,894,
0,-259,237,2311,-4200,-381,730,
0,-224,223,2248,-3258,-675,511,
0,-156,333,2142,-2758,-776,384,
0,-93,405,1950,-2443,-718,386,
0,-72,396,1876,-2538,-538,415,
0,-47,374,1821,-2524,-267,426,
0,-58,305,1781,-2101,-79,410,
0,-55,238,1802,-1792,123,387,
0,-92,118,2035,-1832,190,314,
0,-210,-7,2448,-3054,-58,136,
0,-234,-50,2519,-3712,-504,-59,
0,-160,48,2375,-3619,-759,-187,
0,-62,168,2076,-3154,-792,-68,
0,-22,132,1835,-2269,-610,61,
0,-19,2,1752,-1119,-371,23,
0,-16,-93,1770,-722,-91,-103,
0,5,-73,1711,-862,219,-247,
0,38,-35,1628,-808,498,-247,
0,28,-47,1704,-711,734,-197,
0,-9,-114,1922,-971,773,-205,
0,-81,-175,2138,-1420,597,-278,
0,-79,-111,2185,-1841,405,-299,
0,-69,-37,2145,-1810,233,-262,
0,-68,8,2106,-1736,100,-144,
0,-80,-25,2047,-1500,-15,-62,
0,-78,-81,1972,-1073,-22,-53,
0,-101,-130,1945,-525,10,-76,
0,-103,-82,2007,-476,35,-47,
0,-118,-20,2093,-976,-6,26,
0,-117,-13,2117,-1240,-100,154,
0,-110,-55,2198,-1418,-182,279,
0,-115,-165,2156,-1250,-350,314,
0,-85,-196,2053,-944,-425,302,
0,-65,-228,1960,-714,-421,278,
0,-41,-256,1920,-373,-378,184,
0,-42,-272,1951,-177,-307,113,
0,-60,-200,2052,-548,-135,39,
0,-60,-200,2052,-719,-129,42,
0,-67,-166,2118,-906,-188,74,
0,-91,-159,2224,-984,-257,82,
0,-78,-128,2162,-1048,-296,159,
0,-83,-185,2148,-915,-332,245,
0,-92,-241,2188,-897,-351,342,
0,-69,-313,2142,-469,-435,385,
0,-50,-388,2110,-172,-484,297,
0,-5,-436,1996,-263,-442,223,
0,38,-427,1873,-249,-362,158,
0,46,-388,1839,-322,-268,76,
0,53,-368,1810,-391,-191,22,
0,52,-339,1823,-390,-108,-5,
0,47,-341,1847,-300,-3,-20,
0,28,-344,1878,-164,68,-24,
0,19,-352,1917,28,136,-24,
0,-4,-361,2011,180,145,-14,
0,-14,-359,2087,281,86,-20,
0,-20,-325,2119,159,-4,-12,
0,-9,-302,2090,29,-79,-9,
0,-10,-283,2102,-88,-140,-37,
0,-32,-284,2156,-557,-192,-14,
0,-17,-270,2128,-626,-202,9,
0,-41,-286,2044,-256,-230,6,
0,-16,-301,2000,101,-156,32,
0,-4,-349,1946,336,-45,65,
0,13,-424,1959,666,46,38,
0,7,-437,2063,840,30,-92,
0,-17,-408,2115,375,-57,-139,
0,-24,-397,2143,171,-197,-231,
0,-39,-340,2216,-252,-335,-298,
0,-27,-268,2114,-346,-474,-262,
0,25,-221,1934,44,-446,-219,
0,42,-239,1833,252,-282,-174,
0,69,-247,1794,224,-59,-189,
0,50,-265,1730,453,92,-174,
0,37,-275,1759,493,260,-196,
0,14,-262,1875,301,354,-186,
0,-3,-212,1986,177,305,-196,
0,-47,-204,2147,76,137,-257,
0,-48,-179,2202,-125,-80,-270,
0,-25,-242,2135,211,-250,-286,
0,-24,-320,2162,586,-361,-320,
0,-32,-360,2139,572,-467,-311,
0,2,-337,1946,832,-471,-373,
0,84,-306,1798,1338,-301,-388,
0,96,-363,1722,1713,-37,-415,
0,112,-421,1660,2500,226,-571,
0,133,-451,1736,3531,519,-775,
0,86,-534,1853,3976,687,-898,
0,80,-543,1800,4367,860,-919,
0,117,-544,1828,5314,1049,-932,
0,107,-567,1847,6485,1222,-986,
0,66,-545,1964,7759,1293,-1045,
0,99,-410,1900,9414,1348,-986,
0,109,-404,1753,11008,1642,-819,
0,59,-361,1541,13354,2176,-942,
0,27,-164,1232,15856,2897,-1089,
0,-40,74,1131,17581,3540,-1158,
0,-250,608,1104,19938,3756,-1170,
0,-224,886,1065,22021,4112,-1094,
0,-360,924,938,22305,4035,-1233,
0,-326,989,1036,20338,4169,-1764,
0,-439,1125,1108,17756,3453,-2343,
1,-454,1651,745,13958,2429,-2941,
1,-363,2188,-196,14326,2089,-3410,
1,-375,2333,-912,17330,4458,-4483,
1,-717,3397,-174,15747,2505,-2919,
1,-1007,3142,155,11721,2973,-1964,
1,-996,3042,823,8290,1791,-1242,
1,-951,3260,630,5691,1366,-657,
1,-922,3081,639,3438,352,-133,
1,-848,2825,295,2329,16,125,
1,-760,2507,231,980,-247,169,
1,-704,2368,76,349,-356,138,
1,-649,2345,125,29,-396,145,
1,-609,2259,117,-328,-372,157,
1,-529,2206,166,-405,-333,134,
1,-385,2194,28,33,-30,45,
1,-277,1904,-169,725,358,-200,
1,-379,1641,111,1035,414,-494,
1,-494,1674,372,522,440,-648,
1,-469,1818,268,659,422,-652,
1,-496,2008,246,942,307,-512,
1,-577,2049,367,242,236,-338,
1,-624,2063,472,-588,32,-180,
1,-617,2159,380,-1173,-119,-8,
1,-607,2175,319,-1432,-269,149,
1,-618,2140,326,-1692,-317,245,
1,-678,2077,529,-2435,-402,303,
1,-675,2018,539,-2874,-525,340,
1,-563,1894,332,-1783,-535,285,
1,-523,1768,261,-692,-375,115,
1,-521,1744,348,-794,-290,-63,
1,-490,1846,334,-703,-233,-175,
1,-476,1943,306,-283,-127,-232,
1,-533,2017,415,-361,-164,-252,
1,-580,2183,487,-1154,-243,-172,
1,-613,2315,466,-2356,-310,29,
1,-649,2467,459,-3936,-335,373,
1,-678,2480,573,-5782,-567,718,
1,-683,2447,524,-7398,-775,1166,
1,-644,2265,542,-7975,-775,1484,
1,-605,2078,739,-7339,-938,1485,
1,-589,1869,848,-6346,-1027,1313,
1,-549,1606,986,-4787,-1132,1016,
1,-582,1593,1108,-3097,-1314,690,
1,-532,1675,997,-3164,-1266,631,
1,-426,1793,827,-3429,-1252,632,
1,-359,1907,698,-3705,-1087,678,
0,-360,1983,657,-4197,-919,785,
0,-361,1963,665,-4815,-711,843,
0,-368,1914,728,-5576,-560,902,
0,-432,1812,997,-6863,-609,1056,
0,-501,1668,1205,-7833,-889,1248,
0,-497,1582,1363,-7850,-1209,1297,
0,-466,1535,1415,-7420,-1334,1234,
0,-420,1476,1453,-6515,-1437,1126,
0,-439,1447,1561,-5833,-1503,1034,
0,-388,1380,1575,-5316,-1557,999,
0,-308,1392,1510,-4782,-1522,917,
0,-224,1389,1380,-4502,-1409,867,
0,-186,1336,1270,-4585,-1171,830,
0,-189,1204,1405,-5276,-992,825,
0,-210,1061,1587,-5889,-990,751,
0,-196,1017,1620,-5559,-1055,636,
0,-184,1034,1610,-5339,-1107,616,
0,-155,1004,1615,-5281,-1088,665,
0,-131,980,1659,-5034,-971,655,
0,-117,950,1694,-4519,-964,604,
0,-118,929,1715,-4112,-906,535,
0,-130,882,1747,-4218,-858,553,
0,-141,796,1822,-4380,-852,531,
0,-117,791,1803,-4003,-820,466,
0,-81,779,1715,-3642,-700,433,
0,-87,741,1719,-3470,-568,439,
0,-102,624,1808,-3061,-495,430,
0,-124,562,1907,-2611,-492,373,
0,-123,551,1924,-2322,-475,327,
0,-100,597,1901,-1997,-467,284,
0,-97,680,1905,-2090,-460,289,
0,-81,692,1888,-2252,-443,323,
0,-77,682,1878,-2450,-408,342,
0,-61,669,1833,-2667,-334,413,
0,-51,586,1892,-2637,-246,471,
0,-81,478,1965,-2227,-275,453,
0,-83,332,2017,-1902,-272,375,
0,-91,235,2064,-1741,-284,254,
0,-53,281,2070,-1415,-294,126,
0,-26,346,2050,-1222,-329,38,
0,-6,430,2005,-1442,-340,3,
0,-22,447,1996,-1852,-378,-38,
0,-37,504,1993,-2962,-422,-23,
0,-34,544,1949,-3714,-492,33,
0,-40,476,1996,-4167,-485,143,
0,-32,388,2031,-4075,-510,317,
0,-65,242,2003,-3348,-493,416,
0,-32,130,1952,-2090,-435,391,
0,-10,46,1962,-1600,-249,292,
0,10,44,1901,-2023,-74,203,
0,20,78,1922,-2441,51,78,
0,12,158,1954,-3038,109,36,
0,16,177,2000,-3395,101,88,
0,-21,163,2053,-3573,-10,103,
0,-20,139,2099,-3708,-121,210,
0,-17,83,2063,-3525,-165,333,
0,-8,-5,2041,-2698,-212,411,
0,1,-24,2011,-1878,-224,492,
0,13,-72,1976,-1494,-205,520,
0,7,-162,1964,-1477,-131,492,
0,14,-198,1978,-1630,-82,417,
0,32,-231,1932,-1691,-7,389,
0,36,-306,1921,-1355,58,319,
0,6,-339,2008,-1507,145,248,
0,0,-313,2048,-1867,180,209,
0,10,-290,2031,-1645,162,207,
0,-3,-318,2072,-1345,144,268,
0,-31,-373,2153,-1109,51,294,
0,-23,-387,2174,-890,-67,274,
0,-8,-393,2086,-610,-131,244,
0,-8,-391,2090,-616,-204,213,
0,-3,-349,2094,-971,-276,192,
0,24,-294,2034,-1175,-319,215,
0,39,-299,1955,-1065,-276,268,
0,53,-335,1904,-1083,-148,343,
0,51,-380,1927,-1130,-34,381,
0,18,-432,1998,-1244,-3,379,
0,30,-446,2008,-927,-46,375,
0,23,-465,1937,-291,-75,388,
0,33,-448,1925,-133,-54,357,
0,16,-454,1962,-353,-48,298,
0,-16,-493,2072,-697,-115,135,
0,-12,-475,2052,-1032,-169,51,
0,27,-412,1965,-811,-167,50,
0,36,-423,1930,-333,-120,119,
0,35,-447,1937,114,-53,152,
0,38,-453,1928,412,9,168,
0,37,-481,1930,807,90,152,
0,46,-467,1969,1133,119,54,
0,36,-454,2031,1164,118,-55,
0,-9,-424,2154,798,8,-145,
0,-24,-386,2207,114,-109,-165,
0,-4,-332,2145,12,-227,-156,
0,20,-320,2079,100,-262,-112,
0,34,-364,2016,23,-235,-48,
0,61,-409,1939,217,-151,-49,
0,65,-422,1902,799,-71,-79,
0,67,-422,1902,1179,5,-120,
0,91,-377,1941,858,91,-95,
0,94,-372,1903,714,155,-65,
0,61,-403,1904,1308,190,-191,
0,49,-322,2081,1154,144,-340,
0,-10,-254,2202,169,-6,-279,
0,-21,-209,2202,-261,-170,-231,
0,14,-230,2101,5,-254,-154,
0,32,-262,1993,247,-242,-76,
0,56,-304,1942,442,-180,-58,
0,74,-343,1920,494,-66,-59,
0,81,-354,1904,453,26,-66,
0,77,-347,1878,489,129,-104,
0,70,-322,1893,410,214,-116,
0,48,-235,2029,190,161,-176,
0,-32,-175,2219,-718,9,-168,
0,-12,-126,2238,-1006,-189,-74,
0,8,-114,2166,-576,-301,39,
0,26,-199,2095,-399,-311,153,
0,49,-317,2041,-462,-237,226,
0,62,-373,2002,-760,-108,260,
0,93,-406,1919,-977,35,312,
0,116,-406,1871,-1058,216,329,
0,112,-382,1886,-1232,380,353,
0,95,-367,2012,-1493,417,348,
0,65,-434,2094,-1470,341,256,
0,29,-523,2124,-971,200,88,
0,20,-527,2113,-370,107,-40,
0,7,-486,2137,-60,10,-100,
0,6,-422,2082,319,-60,-142,
0,36,-401,1986,811,-47,-188,
0,42,-387,1915,1117,36,-204,
0,22,-364,1955,1188,84,-258,
0,2,-322,2031,1143,65,-340,
0,-16,-234,2065,835,6,-305,
0,-19,-193,2066,542,-32,-168,
0,-23,-165,2074,615,-113,-101,
0,-31,-200,2062,656,-195,-80,
0,22,-273,1995,816,-198,-56,
0,25,-343,1945,1147,-176,-111,
0,35,-358,1974,1173,-126,-159,
0,46,-385,1961,1348,-67,-215,
0,67,-417,1961,2258,-60,-354,
0,57,-435,1897,2930,11,-453,
0,83,-397,1848,3646,128,-513,
0,104,-356,1758,4079,448,-534,
0,123,-317,1610,4525,743,-317,
0,146,-353,1565,5560,1178,-114,
0,109,-468,1577,7399,1706,108,
0,29,-538,1767,9768,2145,67,
0,-37,-568,1785,12006,2542,-27,
0,-68,-535,1753,13337,2942,-319,
0,-141,-174,1744,15298,3075,-625,
0,-273,-105,1897,17442,3129,-1115,
0,-362,-161,2214,17557,2661,-1640,
1,-301,792,1887,15944,1653,-2424,
1,-289,1443,1514,15168,1022,-2341,
1,-283,1980,1696,11643,420,-2068,
1,-364,2031,1595,7765,-110,-1550,
1,-453,1770,1535,6880,-634,-1404,
1,-376,1545,871,6707,-659,-1207,
1,-165,1347,-34,8407,0,-1377,
1,-63,1151,-414,11500,1014,-2033,
1,-204,973,-350,12613,1913,-2669,
1,-360,1206,106,12441,2376,-3183,
1,-502,1878,539,11352,2255,-3164,
1,-596,2432,838,10299,1726,-2756,
1,-724,2587,1141,9345,978,-2335,
1,-717,2632,852,8063,486,-1860,
1,-660,2499,499,7971,241,-1631,
1,-581,2451,67,6887,374,-1389,
1,-554,2036,-216,7487,669,-1465,
1,-660,2087,92,6666,585,-1286,
1,-679,1954,39,5411,524,-1268,
1,-662,2327,-170,5395,496,-1211,
1,-749,2460,-173,4991,510,-997,
1,-816,2575,-133,4705,404,-731,
1,-872,2712,-45,4970,134,-444,
1,-917,2824,76,3612,-197,88,
1,-819,2878,90,1562,-491,577,
1,-680,2657,-225,-25,-605,936,
1,-528,2353,-463,-329,-490,949,
1,-443,2127,-524,-1179,-277,801,
1,-356,1943,-594,-1625,54,597,
1,-318,1891,-389,-624,377,313,
1,-387,1857,0,-1259,487,127,
1,-367,1939,37,-2296,475,58,
1,-406,2102,71,-2660,438,151,
1,-508,1840,137,-1070,419,156,
1,-510,1767,288,280,320,-54,
1,-471,2101,75,-656,215,-58,
1,-471,2101,75,-930,230,-11,
1,-506,2133,121,-2015,128,121,
1,-516,2293,92,-3669,-26,350,
1,-498,2363,92,-5473,-86,648,
1,-590,2214,213,-6560,-233,944,
1,-649,2015,362,-7262,-360,1105,
1,-616,1812,295,-6976,-404,1197,
1,-589,1584,437,-4214,-297,872,
1,-566,1563,454,-2506,-253,525,
1,-475,1699,382,-2667,-171,357,
1,-431,1910,364,-2969,-98,286,
1,-486,2068,466,-3695,4,327,
1,-503,2296,541,-5272,-42,525,
0,-481,2538,545,-7736,-196,885,
0,-494,2511,583,-9765,-391,1299,
0,-593,2237,925,-7914,-555,1337,
0,-772,1935,1155,-5248,-915,1148,
0,-628,1802,1129,-4903,-1086,1026,
0,-451,1811,911,-5240,-1186,981,
0,-328,1870,747,-5538,-1034,1021,
0,-299,1811,726,-6083,-857,1026,
0,-238,1771,709,-6818,-787,916,
0,-195,1671,653,-7443,-603,742,
0,-239,1495,824,-8493,-481,568,
0,-354,1278,1208,-10022,-564,531,
0,-507,1246,1523,-9697,-977,522,
0,-518,1247,1555,-7014,-1109,503,
0,-489,1280,1534,-3997,-1210,542,
0,-433,1255,1539,-2629,-1093,657,
0,-336,1213,1477,-2048,-1050,593,
0,-267,1244,1379,-1779,-879,460,
0,-235,1363,1397,-1731,-766,417,
0,-247,1435,1444,-2173,-715,417,
0,-280,1478,1549,-3023,-752,390,
0,-326,1513,1853,-5071,-913,447,
0,-367,1410,1940,-7024,-1287,599,
0,-294,1370,1852,-7436,-1630,771,
0,-216,1261,1713,-7162,-1718,898,
0,-184,1059,1601,-6318,-1626,869,
0,-98,895,1581,-4944,-1460,677,
0,-59,744,1511,-4046,-1204,532,
0,-13,599,1433,-3321,-897,287,
0,18,502,1437,-2556,-591,-69,
0,-21,451,1641,-2951,-258,-281,
0,-68,457,1843,-3752,-95,-278,
0,-122,489,1958,-3582,-119,-314,
0,-117,592,1975,-2757,-204,-339,
0,-140,721,1948,-2356,-204,-223,
0,-148,788,1951,-2054,-165,-76,
0,-166,779,1912,-1584,-121,-7,
0,-170,762,1953,-1702,-2,94,
0,-172,782,1967,-2136,-22,253,
0,-194,701,2015,-2000,-85,266,
0,-199,642,2072,-2104,-114,215,
0,-242,621,2121,-2480,-262,264,
0,-288,586,2347,-3015,-618,192,
0,-267,661,2401,-3795,-965,207,
0,-189,735,2221,-3779,-1191,337,
0,-158,611,1986,-3123,-1252,490,
0,-96,415,1805,-2268,-1076,528,
0,-40,237,1694,-1637,-712,436,
0,4,236,1628,-1099,-332,274,
0,-2,280,1739,-996,-67,177,
0,-31,323,1923,-1600,-41,181,
0,-73,334,2088,-2242,-180,236,
0,-123,398,2365,-3087,-506,127,
0,-136,508,2422,-4467,-874,290,
0,-108,520,2245,-4853,-1138,573,
0,-60,351,1962,-4208,-1215,736,
0,0,181,1773,-3165,-1020,761,
0,54,60,1715,-2063,-696,701,
0,72,-21,1784,-1270,-391,576,
0,38,7,1940,-1050,-231,457,
0,-8,32,2087,-1704,-262,362,
0,-25,-34,2176,-2630,-375,300,
0,-12,-119,2142,-2724,-484,204,
0,32,-133,2054,-2499,-454,168,
0,48,-103,1946,-2320,-419,131,
0,101,-78,1879,-2015,-304,107,
0,92,-93,1885,-1577,-239,42,
0,84,-36,2002,-1859,-221,10,
0,87,-27,1959,-2578,-235,160,
0,56,-145,1988,-2561,-259,197,
0,36,-282,2092,-2755,-212,187,
0,19,-296,2090,-2620,-312,175,
0,23,-282,2106,-2448,-351,124,
0,40,-238,2142,-2417,-464,60,
0,35,-236,2133,-2719,-574,89,
0,85,-240,1979,-2491,-574,136,
0,110,-349,1852,-1796,-469,149,
0,134,-426,1760,-1171,-250,117,
0,162,-438,1713,-736,-20,84,
0,152,-477,1790,-612,157,42,
0,123,-533,1921,-520,211,-23,
0,93,-542,2087,-375,103,-128,
0,71,-492,2127,-162,-82,-97,
0,66,-395,2111,348,-244,-93,
0,38,-338,2239,131,-463,-128,
0,32,-327,2226,-867,-604,-51,
0,79,-342,2050,-924,-598,-21,
0,86,-401,1872,-516,-449,6,
0,92,-444,1810,-628,-198,85,
0,123,-438,1805,-546,-17,91,
0,140,-467,1804,-174,133,98,
0,135,-539,1817,223,212,97,
0,126,-626,1925,403,255,45,
0,157,-632,1997,720,316,-45,
0,133,-540,2151,319,190,-229,
0,100,-407,2177,-573,26,-235,
0,111,-327,2112,-707,-108,-163,
0,116,-348,1958,-206,-127,-87,
0,128,-403,1850,226,0,-60,
0,119,-437,1820,302,166,-80,
0,107,-448,1873,198,262,-84,
0,108,-406,1917,58,319,-77,
0,104,-405,1943,203,318,-58,
0,63,-462,2057,253,262,-123,
0,26,-452,2207,-322,108,-143,
0,54,-408,2167,-353,-50,-116,
0,87,-383,2070,-84,-145,-31,
0,104,-464,2017,64,-88,-34,
0,132,-496,1937,211,-60,-17,
0,123,-443,1899,92,34,-41,
0,110,-441,1861,-37,136,-35,
0,104,-420,1882,-87,203,-26,
0,91,-394,1930,-133,253,-32,
0,71,-348,1994,-295,262,-16,
0,66,-340,2045,-316,210,2,
0,51,-370,2103,-45,119,20,
0,41,-399,2157,35,-8,13,
0,63,-392,2115,-178,-90,24,
0,66,-470,2096,-236,-126,14,
0,74,-520,2068,-196,-134,-15,
0,105,-520,1989,114,-91,-40,
0,118,-499,1924,221,0,-22,
0,119,-455,1937,-10,52,-50,
0,108,-463,1976,-221,97,-41,
0,98,-440,1984,-156,124,-54,
0,101,-409,2010,-52,114,-37,
0,84,-403,2024,-83,87,-10,
0,81,-438,2020,-64,66,-18,
0,64,-456,2039,44,43,-23,
0,73,-457,2068,119,-17,-45,
0,62,-458,2059,5,-62,-55,
0,84,-442,2013,-93,-71,-73,
0,98,-418,1938,-18,-50,-80,
0,104,-417,1907,-14,10,-70,
0,96,-444,1876,26,63,-69,
0,114,-429,1873,167,152,-100,
0,98,-438,1940,322,200,-104,
0,79,-444,2017,374,140,-116,
0,71,-428,2039,395,79,-122,
0,80,-406,1989,654,45,-132,
0,95,-456,1954,891,73,-159,
0,88,-468,1931,946,67,-188,
0,72,-467,1941,725,63,-228,
0,59,-422,2018,135,29,-288,
0,68,-339,2000,-313,-32,-189,
0,84,-291,1942,-104,-39,-92,
0,82,-314,1931,128,23,-36,
0,91,-326,1942,111,92,-1,
0,84,-326,1973,139,133,12,
0,58,-362,2045,289,127,-5,
0,45,-378,2103,294,89,-24,
0,50,-402,2138,175,19,-69,
0,58,-396,2118,62,-19,-87,
0,78,-368,2068,130,-40,-119,
0,80,-372,2068,90,-53,-155,
0,91,-303,2070,1,-73,-139,
0,96,-262,2068,-50,-53,-96,
0,100,-271,2022,-147,-75,8,
0,106,-310,1996,-19,-53,33,
0,108,-361,1966,90,-11,43,
0,84,-445,1975,284,25,-14,
0,74,-435,2018,259,16,-51,
0,79,-400,1991,268,-19,-71,
0,79,-434,1926,643,-51,-136,
0,89,-395,1897,919,27,-169,
0,38,-337,1965,1348,-30,-153,
0,6,-272,2132,2192,-157,-146,
0,-74,-131,2123,2474,-411,6,
0,-86,-54,2138,2455,-649,307,
0,-119,-189,2195,2544,-865,481,
1,-60,-467,2085,3922,-969,494,
1,22,-624,2071,6757,-1016,55,
1,99,-867,1777,8740,-898,-455,
1,318,-1058,1411,10116,-47,-1207,
1,429,-1095,1247,12026,688,-1828,
1,381,-948,1137,14321,1184,-2054,
1,340,-807,1070,17487,1721,-2484,
1,245,-400,1081,19454,2146,-2952,
1,125,36,1059,19162,2735,-3178,
1,-56,232,1204,19326,2898,-3391,
1,-83,550,977,18989,3035,-3565,
1,-230,797,865,18793,3069,-3659,
1,-313,1059,773,19532,3089,-3928,
1,-374,1310,596,20544,2987,-4254,
1,-363,1653,191,20719,2802,-4505,
1,-384,1982,-86,19490,2761,-4604,
1,-423,2237,-369,18827,2723,-4475,
1,-699,2536,-53,19217,2331,-4354,
1,-807,3063,95,16495,1838,-3717,
1,-845,3463,-358,13826,1121,-2675,
1,-861,3729,-542,11803,679,-1788,
1,-864,3540,-704,8534,288,-968,
1,-890,3385,-741,5584,51,-374,
1,-783,3015,-866,4523,53,33,
1,-717,2255,-828,5196,484,-317,
1,-756,1992,-438,3573,533,-601,
1,-631,2213,-576,2689,528,-655,
1,-516,2413,-768,2880,639,-658,
1,-532,2451,-643,1967,656,-592,
1,-470,2501,-645,490,705,-469,
1,-412,2410,-684,-132,916,-439,
1,-540,2460,-271,-926,819,-227,
1,-604,2558,124,-1908,458,207,
1,-530,2537,-19,-2669,177,650,
1,-483,2254,-131,-3109,43,894,
1,-454,2051,-133,-3702,-34,953,
1,-380,1854,-210,-3614,47,874,
1,-330,1549,-171,-2260,311,531,
1,-326,1441,-121,-1771,414,121,
1,-286,1526,-90,-2069,533,-157,
1,-306,1677,-156,-2478,606,-340,
1,-354,1825,-246,-1931,658,-504,
1,-516,2099,-91,-1799,555,-450,
1,-647,2399,120,-2938,170,-92,
1,-694,2755,147,-4121,-290,521,
1,-720,2926,144,-5510,-784,1249,
1,-732,2891,157,-7304,-1213,1897,
1,-714,2792,165,-9044,-1554,2454,
1,-662,2625,152,-10525,-1745,2829,
1,-558,2327,168,-11985,-1773,3022,
1,-409,2023,111,-13080,-1544,2908,
1,-269,1757,-10,-13329,-1035,2572,
1,-324,1659,102,-12400,-703,2301,
0,-461,1843,731,-9942,-1001,2334,
0,-447,1631,1088,-6378,-1383,2125,
0,-382,1564,1146,-3468,-1347,1692,
0,-295,1699,1091,-2902,-1445,1598,
0,-172,1617,987,-3501,-1429,1611,
0,-130,1623,982,-4002,-1367,1496,
0,-91,1722,1013,-4060,-1279,1355,
0,-100,1779,1065,-4485,-1271,1302,
0,-78,1813,1088,-5483,-1190,1337,
0,-76,1856,1090,-6399,-1198,1440,
0,-42,1798,1079,-6856,-1189,1508,
0,-33,1670,1061,-7355,-1134,1544,
0,-19,1573,1072,-7657,-1105,1609,
0,9,1334,1069,-7625,-979,1525,
0,-14,1118,1177,-7543,-837,1292,
0,21,1079,1246,-6912,-724,1074,
0,112,977,1223,-5792,-465,783,
0,113,895,1353,-5476,-193,537,
0,120,865,1442,-5716,-28,411,
0,179,859,1411,-5769,154,246,
0,154,950,1438,-5899,291,150,
0,135,1035,1529,-6485,260,226,
0,5,1008,1806,-6811,88,456,
0,-58,1089,1948,-5580,-169,511,
0,-87,1092,1952,-4632,-467,662,
0,-104,1115,2105,-3983,-665,817,
0,-127,878,2230,-3640,-977,885,
0,-92,725,2125,-3534,-1105,826,
0,14,694,1887,-3203,-996,688,
0,91,656,1743,-2948,-807,589,
0,117,520,1672,-2880,-595,527,
0,157,413,1667,-2575,-300,338,
0,159,383,1700,-2473,-36,151,
0,169,386,1694,-2359,163,20,
0,177,416,1776,-2522,356,-75,
0,125,478,1851,-3041,409,-55,
0,117,469,1891,-2938,436,-7,
0,68,398,2046,-2749,409,-58,
0,32,429,2158,-3006,294,3,
0,57,497,2112,-2860,103,61,
0,68,483,2063,-2501,3,128,
0,81,378,2015,-2088,-27,147,
0,78,287,1959,-1826,-5,96,
0,94,241,1909,-1642,177,-66,
0,100,196,1893,-1479,333,-248,
0,70,244,2030,-2121,347,-241,
0,24,236,2100,-2582,248,-203,
0,13,251,2185,-2825,131,-208,
0,32,273,2098,-2633,57,-163,
0,52,299,2037,-2032,-2,-108,
0,55,234,2013,-1578,24,-16,
0,46,184,1985,-1308,72,-33,
0,68,178,1897,-1288,166,1,
0,85,137,1839,-1238,300,-25,
0,65,53,1953,-1675,413,14,
0,46,20,2007,-1662,427,-5,
0,27,42,2131,-1393,334,-108,
0,-13,134,2288,-2061,107,-121,
0,9,189,2215,-2400,-117,25,
0,38,164,2121,-2159,-147,93,
0,26,35,2028,-1675,-172,130,
0,25,-120,2036,-1332,-110,40,
0,60,-101,1986,-990,188,-68,
0,60,-101,1986,-835,220,-87,
0,32,-123,2042,-802,241,-104,
0,40,-123,2027,-712,230,-141,
0,46,-171,2039,-522,219,-219,
0,24,-148,2106,-921,184,-254,
0,16,-114,2130,-1255,118,-217,
0,17,-121,2154,-958,7,-249,
0,23,-90,2139,-997,-68,-188,
0,27,-96,2092,-869,-102,-94,
0,29,-147,2061,-499,-84,-40,
0,31,-179,2037,-244,-56,2,
0,42,-223,2037,-180,-18,3,
0,41,-271,2060,-201,-29,-63,
0,37,-220,2095,-708,-47,-104,
0,66,-131,2022,-1000,-64,-47,
0,79,-181,1937,-579,-35,-17,
0,77,-249,1894,-298,70,-30,
0,102,-276,1860,-9,224,-41,
0,104,-256,1850,332,363,-48,
0,94,-296,1846,642,490,-63,
0,88,-293,1898,895,561,-114,
0,41,-359,1976,819,557,-150,
0,18,-344,2121,517,466,-285,
0,-12,-165,2287,-285,244,-325,
0,-20,-26,2267,-804,17,-221,
0,-19,4,2258,-863,-195,-82,
0,-41,-52,2178,-734,-358,17,
0,-12,-91,2083,-439,-356,85,
0,21,-120,1935,-117,-247,144,
0,55,-215,1833,274,-64,155,
0,73,-264,1861,370,99,113,
0,79,-300,1891,199,231,102,
0,93,-309,1902,426,327,40,
0,79,-314,1943,747,369,-35,
0,43,-273,2156,240,257,-119,
0,29,-174,2245,-534,39,-94,
0,47,-117,2180,-549,-150,-40,
0,43,-154,2075,-248,-215,34,
0,43,-229,2005,-58,-169,27,
0,47,-233,1952,-99,-92,1,
0,55,-206,1916,-37,10,-43,
0,37,-185,1920,-112,98,-10,
0,28,-231,1930,147,180,-19,
0,14,-234,1950,393,258,-50,
0,-1,-217,2036,391,266,-117,
0,-2,-195,2137,149,171,-164,
0,-1,-132,2152,-155,33,-131,
0,8,-107,2100,-168,-60,-81,
0,16,-153,2059,25,-91,-53,
0,17,-173,2008,110,-79,-39,
0,26,-151,1959,126,-31,-29,
0,29,-155,1918,193,23,33,
0,20,-158,1909,325,110,39,
0,19,-161,1949,365,151,26,
0,16,-157,1996,289,156,8,
0,21,-177,2060,142,108,-37,
0,4,-205,2136,-58,44,-84,
0,-3,-176,2218,-421,-89,-77,
0,16,-128,2161,-451,-176,-45,
0,33,-120,2075,-189,-197,-6,
0,37,-137,2051,28,-161,-17,
0,37,-121,2058,-202,-162,19,
0,53,-94,1996,-236,-127,39,
0,61,-108,1919,13,-51,55,
0,58,-187,1904,134,86,53,
0,52,-208,1958,89,192,30,
0,51,-212,2022,125,240,3,
0,51,-196,2061,244,228,-13,
0,32,-195,2113,205,193,-40,
0,20,-185,2214,-158,84,-63,
0,15,-141,2189,-436,-20,-30,
0,26,-88,2126,-297,-69,7,
0,20,-114,2055,-165,-57,63,
0,8,-164,2085,-154,-27,53,
0,4,-149,2081,-217,-7,43,
0,14,-174,2057,-79,28,82,
0,8,-227,2042,137,69,69,
0,2,-261,2116,50,73,29,
0,17,-231,2123,-27,25,-11,
0,33,-205,2084,-8,-10,-29,
0,35,-191,2085,-111,-63,-46,
0,25,-223,2088,-326,-113,-18,
0,46,-241,2023,-116,-141,-52,
0,47,-234,1938,281,-89,-79,
0,62,-213,1901,405,31,-62,
0,55,-269,1906,668,156,-138,
0,39,-268,1982,1390,278,-225,
0,36,-202,1818,2308,482,-105,
0,62,-284,1777,4348,864,-161,
0,14,-372,1672,6744,1313,-236,
0,59,-408,1563,8987,2186,-317,
0,41,-331,1429,11223,2796,-565,
0,-33,-126,1603,12056,3187,-821,
0,-16,157,1864,11606,3381,-853,
0,-100,315,2027,12980,3514,-865,
0,-149,505,1879,14805,3412,-686,
1,-176,383,1679,16823,3354,-624,
1,-161,247,1689,17454,3662,-540,
1,-208,242,2167,18422,3430,-651,
1,-190,247,2105,18381,2985,-1178,
1,-107,631,1850,16017,2434,-1634,
1,-34,759,1222,13562,2424,-2152,
1,-236,877,820,13659,2533,-2753,
1,-417,1239,584,13877,2520,-2973,
1,-568,1416,566,13637,2460,-2831,
1,-758,1675,597,13479,2030,-2660,
1,-792,2030,513,12341,1634,-2421,
1,-776,2438,204,11056,1233,-2142,
1,-839,2433,40,9711,749,-1908,
1,-960,2426,154,7821,396,-1695,
1,-1109,2527,285,5807,-19,-1222,
1,-1166,2564,134,4137,-399,-809,
1,-1024,2489,-390,4854,-499,-673,
1,-880,2342,-555,5652,-151,-702,
1,-789,2211,-569,5603,440,-816,
1,-783,2243,-621,6313,760,-831,
1,-805,2251,-634,6626,738,-729,
1,-783,2266,-630,6239,571,-475,
1,-737,1990,-597,6312,628,-600,
1,-787,1963,-380,5590,634,-631,
1,-785,1757,-429,6401,580,-784,
1,-750,2022,-355,5410,543,-842,
1,-698,2407,-507,3508,397,-549,
1,-691,2664,-609,2055,365,-145,
1,-714,2752,-584,172,239,317,
1,-722,2687,-602,-1651,-16,714,
1,-724,2440,-467,-2496,-86,914,
1,-702,2391,-419,-2810,-66,1039,
1,-545,2305,-598,-3515,52,1062,
1,-424,2156,-674,-4486,275,1094,
1,-467,1838,-519,-4178,413,949,
1,-492,1600,-160,-3612,471,640,
1,-489,1685,65,-3893,327,468,
1,-439,1859,90,-4305,167,447,
1,-468,2023,153,-4947,-13,574,
1,-540,2258,316,-5820,-220,858,
1,-647,2388,437,-6909,-493,1231,
1,-746,2609,594,-8598,-906,1792,
1,-725,2740,578,-9469,-1195,2199,
1,-746,2700,470,-9317,-1396,2488,
1,-781,2423,456,-8222,-1605,2608,
0,-703,1997,353,-7615,-1577,2532,
0,-564,1540,125,-7013,-1290,2281,
0,-427,1145,-2,-6177,-725,1694,
0,-329,986,11,-5945,-182,1043,
0,-211,1055,4,-5683,417,380,
0,-148,1178,22,-5369,989,-98,
0,-272,1397,367,-5973,1200,-259,
0,-516,1651,979,-6984,882,29,
0,-674,1851,1587,-6147,472,218,
0,-757,2085,1911,-4507,-309,445,
0,-698,2308,1852,-4124,-986,757,
0,-580,2376,1582,-4672,-1558,1210,
0,-483,2273,1285,-5329,-1801,1526,
0,-450,2051,1164,-5972,-1946,1698,
0,-439,1868,1094,-6691,-2006,1688,
0,-419,1630,1106,-7701,-1983,1613,
0,-358,1420,996,-8949,-1925,1444,
0,-269,1309,934,-9845,-1703,1236,
0,-210,1215,908,-9792,-1442,1219,
0,-259,1143,1114,-9069,-1135,1137,
0,-320,1097,1405,-7419,-1216,1060,
0,-304,1085,1552,-5906,-1215,994,
0,-239,1101,1637,-4723,-1167,970,
0,-176,1067,1656,-4243,-1115,951,
0,-157,1127,1768,-4532,-1121,878,
0,-168,1333,1942,-5927,-1268,911,
0,-165,1270,1912,-6879,-1502,1044,
0,-151,970,1923,-7068,-1571,976,
0,-111,691,1875,-7152,-1558,837,
0,-31,529,1760,-6735,-1430,756,
0,31,575,1617,-5740,-1156,684,
0,62,403,1528,-4769,-814,582,
0,31,171,1632,-4224,-402,413,
0,66,34,1638,-3129,-17,110,
0,68,137,1689,-2295,225,-131,
0,32,201,1820,-2354,403,-247,
0,-27,293,2063,-2997,358,-342,
0,-41,469,2111,-4060,204,-302,
0,-42,471,2055,-4402,80,-211,
0,-76,424,2081,-4228,-35,-190,
0,-84,378,2049,-3986,-92,-82,
0,-86,387,2021,-3138,-65,-18,
0,-95,402,2119,-2179,-155,114,
0,-153,384,2214,-2234,-280,188,
0,-158,263,2207,-2694,-399,223,
0,-153,109,2166,-2830,-538,152,
0,-141,115,2268,-3509,-683,-9,
0,-109,192,2135,-4321,-780,47,
0,-56,81,2061,-4150,-797,-50,
0,-33,-41,1959,-3696,-680,-164,
0,14,-130,1797,-2772,-445,-231,
0,60,-152,1702,-1894,-130,-324,
0,84,-127,1747,-1422,153,-374,
0,30,-7,1957,-1892,256,-401,
0,-8,9,2074,-2217,169,-316,
0,-86,-125,2287,-2397,-106,-359,
0,-134,-140,2448,-3755,-413,-343,
0,-39,-90,2288,-3810,-640,-219,
0,-6,-221,2044,-2862,-743,-66,
0,40,-381,1871,-2086,-607,26,
0,92,-464,1749,-1376,-332,-28,
0,111,-453,1709,-1031,-51,-146,
0,134,-388,1591,-771,208,-241,
0,150,-443,1550,-240,527,-285,
0,56,-577,1846,-368,822,-350,
0,-16,-589,2074,-438,814,-487,
0,-15,-382,2126,-339,677,-497,
0,1,-244,2116,-255,528,-348,
0,-33,-302,2160,-10,377,-204,
0,-71,-361,2293,-85,122,-222,
0,-58,-323,2279,-559,-70,-213,
0,-42,-321,2158,-455,-211,-119,
0,-34,-374,2051,-61,-251,-43,
0,-20,-386,1945,278,-208,9,
0,37,-392,1863,683,-50,50,
0,41,-455,1792,1071,137,37,
0,35,-470,1850,1315,278,-51,
0,37,-408,1964,1052,383,-131,
0,-17,-330,2139,498,323,-196,
0,-46,-294,2285,86,108,-214,
0,-64,-277,2348,-104,-158,-159,
0,-39,-274,2253,-109,-347,-83,
0,1,-303,2122,-128,-395,-12,
0,32,-325,1984,-48,-337,31,
0,64,-335,1871,307,-210,65,
0,89,-364,1803,598,-38,75,
0,91,-382,1766,724,159,41,
0,82,-414,1788,868,335,-37,
0,53,-372,1897,728,417,-106,
0,20,-292,2020,480,376,-130,
0,-33,-271,2148,271,237,-151,
0,-55,-320,2180,216,91,-185,
0,-49,-290,2161,248,-7,-216,
0,-51,-259,2128,223,-106,-170,
0,-56,-217,2142,10,-228,-127,
0,-44,-213,2057,-41,-278,-79,
0,-7,-221,1918,135,-249,-13,
0,16,-226,1795,366,-116,58,
0,43,-264,1711,524,66,82,
0,42,-321,1713,592,265,38,
0,22,-369,1785,704,441,-40,
0,-13,-326,1943,728,475,-144,
0,-47,-277,2112,664,353,-230,
0,-53,-153,2226,282,194,-220,
0,-78,-195,2263,-33,-22,-134,
0,-60,-229,2225,-56,-180,-97,
0,-24,-216,2079,147,-198,-91,
0,-14,-207,2003,314,-130,-59,
0,2,-157,1954,442,-20,-69,
0,-13,-200,1966,533,66,-66,
0,-37,-192,2021,249,97,-74,
0,-44,-221,2045,-6,95,-72,
0,-22,-194,2074,52,65,-52,
0,1,-150,2035,158,52,-10,
0,12,-176,2044,138,47,15,
0,7,-246,2095,117,9,5,
0,13,-246,2099,85,-18,-1,
0,20,-222,2078,36,-61,-3,
0,17,-243,2099,-183,-87,-2,
0,6,-244,2084,-338,-91,-12,
0,8,-253,2053,-128,-72,-37,
0,3,-278,2005,61,-15,-64,
0,-9,-239,2033,7,25,-75,
0,-28,-200,2065,-154,20,-60,
0,-26,-183,2101,-128,-28,-51,
0,-32,-185,2080,-57,-60,-32,
0,-24,-193,2062,-95,-65,-19,
0,-11,-191,2021,-195,-51,-6,
0,3,-217,1967,-79,-11,0,
0,9,-210,1970,1,30,9,
0,-9,-240,2015,-176,24,-3,
0,9,-230,2010,-178,42,-25,
0,32,-197,1954,-14,66,-7,
0,21,-203,1968,-13,98,0,
0,7,-232,2023,-98,106,-22,
0,-6,-218,2058,-110,96,-41,
0,-42,-186,2105,-104,34,-16,
0,-41,-170,2101,-126,7,3,
0,-38,-200,2078,-90,-22,26,
0,-27,-217,2054,-6,-6,21,
0,-20,-201,2050,-4,-12,27,
0,-16,-170,2045,-103,-14,46,
0,1,-180,2060,-153,-44,52,
0,-8,-224,2057,-211,-70,44,
0,6,-230,2030,-165,-65,27,
0,20,-239,1997,-205,-43,28,
0,16,-264,1980,-112,5,-2,
0,5,-273,1997,1,43,-33,
0,0,-221,2001,44,66,-25,
0,-3,-221,2000,130,78,-4,
0,-20,-255,2015,230,92,-34,
0,-32,-224,2067,83,70,-65,
0,-34,-214,2069,73,-4,-38,
0,-37,-214,2067,132,-52,-36,
0,-2,-240,2007,247,-42,-46,
0,19,-244,1964,348,-4,-72,
0,23,-275,1927,401,55,-84,
0,6,-217,1827,1838,302,-56,
0,6,-217,1827,2322,339,42,
0,-8,-231,1919,3869,389,181,
0,-67,-146,2006,5439,462,435,
0,-30,-87,1881,7426,602,785,
0,56,-375,1621,10249,1114,852,
0,80,-739,1737,13654,1734,357,
0,75,-639,1833,14785,1932,-139,
0,162,-397,1684,13626,2088,-516,
0,234,-198,1534,12456,2305,-784,
0,200,-115,1653,12406,2378,-857,
1,-56,-209,1893,13073,2213,-999,
1,-261,326,2117,14011,1661,-868,
1,-329,612,2073,14916,1008,-840,
1,-341,825,1635,14050,616,-1013,
1,-261,966,1152,13067,607,-1219,
1,-282,876,899,14423,790,-1744,
1,-383,819,521,16015,1081,-2439,
1,-422,894,131,17429,1700,-3022,
1,-543,1040,-96,19608,1771,-3750,
1,-644,1651,-384,19716,1679,-4014,
1,-663,2292,-511,19496,1569,-3827,
1,-732,2469,-668,18742,1285,-3450,
1,-913,2395,-608,17408,939,-3364,
1,-991,2683,-372,14566,560,-2973,
1,-965,2882,-656,11873,188,-2443,
1,-838,3072,-1040,9270,93,-1812,
1,-783,2652,-1259,8751,191,-1513,
1,-818,2409,-1303,8120,384,-1504,
1,-863,2313,-1280,7112,614,-1592,
1,-880,2455,-1156,6571,781,-1549,
1,-905,2803,-988,4715,758,-1241,
1,-838,3154,-977,2629,648,-612,
1,-725,3227,-1036,989,666,120,
1,-667,3132,-967,-391,655,771,
1,-687,3015,-686,-1850,508,1288,
1,-669,2943,-392,-3625,279,1736,
1,-471,2880,-428,-5512,157,2309,
1,-243,2285,-556,-5266,298,2451,
1,-212,1539,-249,-4706,435,2031,
1,-224,1076,36,-3560,385,1249,
1,-140,883,37,-2098,432,517,
1,-117,830,-114,-953,613,-280,
1,-277,1104,11,-334,656,-865,
1,-476,1632,132,-26,440,-1114,
1,-562,2277,-64,-862,195,-862,
1,-640,2811,-314,-2015,8,-224,
1,-696,3099,-332,-3247,-177,630,
1,-717,2938,-309,-4371,-331,1412,