-318,654,2025,-93,-530,-995,
-227,577,1960,31,-605,-950,
-257,665,1995,129,-649,-1031,
-223,699,2011,288,-681,-1085,
-161,886,2001,306,-635,-1305,
-118,950,1940,259,-576,-1504,
-100,975,1936,118,-545,-1749,
-63,808,1900,46,-629,-2013,
-59,616,2017,-149,-782,-2304,
43,158,2093,23,-688,-1995,
13,239,2273,115,-611,-1583,
26,343,2256,79,-522,-1477,
47,392,2221,144,-383,-1317,
-4,404,2124,211,-386,-1278,
-4,465,1963,198,-382,-1482,
-16,447,1845,229,-342,-1686,
-88,542,1808,116,-401,-1962,
-81,588,1874,-176,-486,-2294,
-35,536,1988,-515,-415,-2407,
-37,405,2050,-940,-379,-2384,
-11,191,2115,-1075,-197,-2222,
49,96,2158,-807,160,-1774,
-143,206,2086,-824,288,-1666,
-215,257,1967,-900,182,-1584,
-288,150,1920,-950,64,-1639,
-335,15,1960,-968,-11,-1521,
-425,108,1976,-1157,-168,-1539,
-430,79,2022,-1339,-278,-1608,
-409,-16,2030,-1258,-251,-1320,
-434,-20,2006,-1304,-173,-1379,
-438,-238,2007,-1129,-53,-1220,
-568,-249,1947,-1028,-168,-949,
-539,-291,1954,-982,-225,-802,
-585,-282,1937,-986,-193,-622,
-676,-274,1931,-972,-276,-428,
-644,-306,2002,-837,-283,-45,
-762,-285,1919,-1092,-376,-275,
-688,-320,1917,-1218,-420,2,
-770,-376,1971,-1249,-323,280,
-741,-440,1925,-1152,-94,578,
-822,-425,1877,-950,0,731,
-846,-387,1842,-802,-48,677,
-874,-356,1929,-699,-198,716,
-869,-381,1930,-628,-162,864,
-837,-361,1956,-557,61,1036,
-855,-298,1960,-619,194,1207,
-974,-196,1886,-843,51,1159,
-845,-310,1874,-807,102,1414,
-855,-266,1862,-693,96,1536,
-855,-207,1910,-557,24,1663,
-821,-74,1944,-347,122,1774,
-843,132,2010,-290,163,1746,
-841,143,1946,-215,230,1641,
-860,121,1869,-57,311,1713,
-902,177,1777,19,272,1722,
-904,99,1783,171,251,1746,
-906,23,1776,464,207,1908,
-989,139,1771,446,-14,1794,
-893,179,1806,449,-89,1868,
-932,291,1833,301,-166,1715,
-876,149,1799,441,-123,1682,
-820,244,1871,572,120,1801,
-835,349,1869,675,275,1866,
-851,476,1850,757,268,1797,
-850,461,1737,885,172,1643,
-839,516,1643,985,-96,1611,
-857,523,1589,998,-366,1514,
-713,601,1712,935,-416,1693,
-695,685,1845,757,-399,1776,
-578,826,1981,524,-199,1848,
-613,1125,1944,178,-112,1507,
-651,1246,1863,39,-331,1098,
-441,990,1785,512,-227,738,
-481,1046,1964,854,-194,562,
-506,1072,2124,853,-314,135,
-362,889,2088,933,-172,-157,
-396,857,2143,944,-169,-16,
-383,823,2109,730,-159,-136,
-289,885,2027,487,-124,57,
-372,1022,1954,334,-315,122,
-328,1256,2031,31,-420,-168,
-266,1234,2037,12,-375,-417,
-268,1130,2011,204,-353,-670,
-200,1188,2017,310,-345,-1033,
-190,1060,1883,555,-437,-1427,
-205,880,1860,812,-657,-1854,
-154,573,1961,932,-909,-1886,
-88,458,2122,982,-990,-1607,
-91,580,2228,644,-1105,-1467,
-45,673,2329,222,-1177,-1329,
21,634,2409,-26,-1110,-1209,
80,747,2369,-53,-898,-1124,
29,917,2137,-107,-829,-1324,
72,850,1849,81,-815,-1353,
69,908,1729,175,-798,-1590,
158,952,1688,319,-668,-1869,
90,1021,1627,251,-908,-2313,
311,907,1828,149,-851,-2721,
351,602,2069,176,-878,-2875,
362,397,2334,32,-880,-2999,
476,217,2504,-26,-646,-2708,
476,245,2639,-134,-295,-2327,
394,218,2412,-127,-106,-2042,
276,257,2138,-191,-109,-1932,
240,202,1886,-176,-181,-1812,
195,198,1766,-213,-305,-2000,
172,156,1804,-300,-486,-2186,
180,242,1947,-585,-561,-2405,
139,299,2047,-970,-618,-2731,
93,208,2070,-1218,-721,-2960,
295,-134,1971,-769,-535,-2404,
105,-98,2032,-698,-381,-2271,
138,-253,1980,-597,-238,-1806,
-61,-116,2072,-907,-286,-1786,
-10,-225,2052,-1039,-186,-1550,
-60,-267,2109,-1019,-54,-1276,
-84,-276,2135,-928,24,-1029,
-104,-397,2117,-825,176,-861,
-130,-483,2148,-705,380,-704,
-304,-486,2122,-711,299,-547,
-270,-530,2129,-759,224,-333,
-357,-590,2079,-802,145,-245,
-300,-681,2102,-893,305,116,
-416,-654,2120,-1001,301,530,
-499,-629,2028,-1243,446,397,
-526,-606,1909,-1251,548,522,
-611,-584,1884,-1139,464,567,
-561,-624,1960,-909,599,692,
-602,-542,2014,-765,643,799,
-607,-431,1972,-662,631,1001,
-653,-371,1907,-544,568,955,
-614,-401,2014,-397,620,1094,
-658,-306,2059,-429,617,1232,
-642,-269,2061,-518,704,1501,
-678,-231,2068,-625,778,1784,
-769,-172,1965,-701,836,1875,
-801,-240,1804,-522,815,2002,
-889,-304,1709,-139,680,2104,
-879,-273,1646,181,660,1930,
-873,-314,1694,571,496,2085,
-867,-228,1810,744,437,2148,
-852,-120,1909,661,424,2184,
-854,-43,1855,499,355,2265,
-891,-4,1797,370,287,2287,
-874,6,1719,361,253,2450,
-962,216,1649,285,70,2545,
-957,321,1646,189,-57,2517,
-956,362,1671,169,-155,2502,
-997,286,1627,352,-308,2423,
-956,310,1659,552,-433,2342,
-919,349,1710,687,-572,2277,
-833,376,1775,865,-652,2384,
-815,697,1948,658,-685,2259,
-751,697,2041,369,-673,2097,
-664,687,2032,277,-540,2192,
-685,780,1968,217,-479,2202,
-602,900,1927,289,-338,2303,
-635,1084,1920,256,-263,2096,
-575,1234,1841,187,-247,1835,
-722,1201,1736,213,-627,1296,
-591,967,1486,680,-937,834,
-457,870,1747,1085,-1068,634,
-435,808,2012,1183,-1208,454,
-291,792,2303,867,-1035,358,
-237,672,2438,439,-735,589,
-238,689,2379,-82,-514,897,
-159,811,2269,-273,-310,1205,
-213,1427,1935,-1175,-660,810,
-179,1379,1836,-1230,-739,626,
-185,1627,1637,-1418,-1024,40,
-111,1402,1549,-1342,-1289,-811,
-9,1156,1954,-1258,-1283,-1285,
53,1004,2312,-1356,-1118,-1771,
139,808,2350,-1274,-907,-2038,
178,738,2380,-998,-738,-2196,
170,666,2385,-690,-619,-2446,
254,452,2273,-189,-585,-2458,
208,503,2257,52,-782,-2691,
272,313,2142,365,-952,-2780,
328,167,2111,640,-936,-2605,
310,238,2091,598,-924,-2351,
315,384,2125,220,-876,-2178,
326,391,2034,-125,-797,-1912,
365,419,2010,-268,-594,-1717,
334,431,1986,-181,-564,-1695,
362,476,1995,-76,-574,-1859,
437,514,1981,44,-469,-2134,
412,380,1972,277,-609,-2382,
494,284,2040,516,-688,-2536,
522,239,2211,543,-706,-2602,
555,178,2321,337,-672,-2510,
610,45,2382,178,-530,-2227,
584,-32,2377,65,-357,-1922,
609,-63,2349,74,-107,-1551,
520,88,2303,-13,39,-1498,
462,100,2043,-1,55,-1475,
397,55,1829,86,-16,-1526,
368,-2,1836,101,-78,-1534,
379,7,1853,74,-39,-1557,
338,48,1910,7,28,-1610,
304,66,1912,-75,80,-1694,
254,92,1926,-252,101,-1788,
201,22,1900,-349,68,-1855,
182,-86,1871,-311,45,-1785,
115,-66,1915,-337,-44,-1812,
174,-192,1981,-189,-5,-1617,
131,-169,2120,-171,68,-1570,
139,-275,2135,-299,241,-1735,
99,-432,2131,-261,337,-1333,
4,-463,2171,-351,339,-1095,
-11,-514,2079,-296,434,-920,
-85,-557,2091,-204,402,-650,
-97,-481,2110,-322,453,-521,
-70,-515,2098,-346,625,-522,
-231,-553,2017,-383,561,-402,
-229,-466,2058,-442,580,-185,
-282,-372,2076,-519,664,-160,
-350,-405,2012,-542,631,-80,
-423,-430,1983,-536,471,24,
-404,-533,1949,-339,374,48,
-398,-564,2074,-117,392,275,
-420,-506,2183,-19,435,411,
-406,-472,2263,12,605,609,
-442,-398,2214,-59,728,799,
-526,-321,2079,-227,674,945,
-536,-363,2010,-384,635,1145,
-581,-314,1986,-524,631,1302,
-635,-315,1930,-550,588,1408,
-721,-318,1860,-529,461,1462,
-771,-398,1791,-451,288,1655,
-813,-343,1787,-373,161,1740,
-795,-351,1770,-174,24,1912,
-757,-232,1860,90,-47,2114,
-759,-89,1900,152,-56,1998,
-702,-45,1950,264,2,2243,
-774,43,1909,191,-7,2165,
-765,2,1846,158,-61,2180,
-773,-17,1838,51,-98,2203,
-757,-54,1786,-4,-161,2293,
-715,-11,1754,13,-192,2545,
-705,103,1731,82,-273,2656,
-637,210,1830,144,-283,2736,
-615,352,1888,189,-270,2681,
-599,444,1877,247,-232,2595,
-601,495,1846,445,-222,2456,
-607,553,1803,689,-262,2176,
-521,561,1797,978,-352,2083,
-462,708,1940,970,-368,2043,
-417,774,2060,830,-281,1974,
-384,795,2113,674,-106,1956,
-383,816,2037,620,27,1955,
-369,903,1956,601,154,1984,
-359,1142,1953,455,191,1802,
-302,1106,1831,553,279,1379,
-361,1237,1903,587,37,1109,
-268,1068,1858,878,-104,511,
-241,911,2007,1246,-225,321,
-177,902,2162,1325,-295,77,
-82,826,2181,1321,-190,-113,
-135,715,2236,1274,-295,24,
-46,909,2198,1002,-201,39,
26,986,2167,848,-55,38,
-67,1170,2056,669,-106,-38,
-6,1318,2003,375,-64,-337,
-10,1377,1934,175,-57,-577,
-15,1410,1825,12,-161,-962,
69,1298,1777,200,-237,-1501,
96,970,1931,585,-426,-2006,
227,692,2211,870,-554,-2098,
271,548,2407,755,-558,-1999,
304,441,2525,428,-469,-1714,
265,365,2460,147,-378,-1378,
310,453,2364,-36,-116,-1001,
181,602,2153,-255,-53,-909,
133,669,1844,-254,-147,-923,
149,704,1633,-121,-256,-1106,
186,655,1599,172,-355,-1298,
204,732,1825,162,-537,-1500,
354,632,2011,129,-509,-1686,
349,520,2149,34,-474,-1739,
389,460,2156,-71,-401,-1685,
350,463,2158,-222,-265,-1658,
326,472,2046,-300,-206,-1531,
309,610,1920,-394,-205,-1639,
324,642,1855,-382,-244,-1838,
290,635,1924,-345,-387,-2195,
413,595,2005,-287,-385,-2379,
420,582,2122,-263,-344,-2610,
518,421,2228,-214,-196,-2508,
443,402,2237,-255,-47,-2377,
395,327,2049,-342,-32,-2293,
313,275,1947,-442,-70,-2261,
288,200,1900,-554,-102,-2204,
251,136,1904,-656,-148,-2209,
272,21,1938,-656,-119,-2098,
243,11,1950,-612,-103,-2025,
212,42,1971,-611,-95,-2008,
225,74,2043,-713,-67,-1890,
195,-11,2026,-681,26,-1675,
126,-32,2034,-741,98,-1514,
30,-32,1960,-1011,95,-1702,
64,-225,1874,-975,110,-1486,
-3,-219,1929,-1099,103,-1354,
-8,-319,1928,-1133,103,-1331,
21,-350,2037,-985,153,-1092,
47,-197,2062,-922,264,-1060,
49,-52,2112,-1042,384,-1266,
62,-113,2108,-1110,508,-1210,
14,-297,2078,-1104,592,-1199,
-27,-429,2066,-996,625,-1056,
-149,-532,2034,-971,515,-996,
-200,-658,2056,-1090,373,-843,
-317,-779,2073,-1258,213,-715,
-319,-927,2144,-1238,242,-452,
-349,-964,2261,-1099,444,-152,
-390,-927,2335,-961,676,81,
-434,-907,2371,-762,905,330,
-509,-902,2271,-543,1022,497,
-535,-866,2204,-297,1081,678,
-577,-867,2145,-92,1058,921,
-635,-846,2101,36,977,1151,
-651,-808,2191,36,933,1444,
-674,-712,2099,-33,851,1713,
-666,-639,2047,3,760,2103,
-665,-484,2048,165,758,2352,
-743,-322,2028,275,725,2270,
-702,-286,2007,482,732,2374,
-706,-268,2021,757,770,2482,
-740,-260,1901,1058,762,2571,
-744,-153,1783,1252,708,2762,
-770,-34,1688,1269,572,2885,
-816,-5,1587,1278,397,2936,
-852,99,1573,1107,242,3047,
-870,238,1499,951,31,3098,
-910,383,1513,756,-200,2879,
-815,267,1583,842,-301,2868,
-806,254,1694,960,-334,2843,
-766,263,1700,1051,-339,2840,
-767,293,1688,1212,-393,2928,
-751,490,1697,1336,-451,2905,
-756,605,1740,1456,-519,2769,
-721,609,1756,1583,-548,2653,
-663,619,1774,1673,-507,2601,
-631,671,1803,1748,-435,2621,
-642,796,1856,1761,-406,2573,
-618,876,1800,1866,-449,2528,
-565,1005,1800,2053,-439,2380,
-523,1089,1823,2128,-404,2213,
-479,1169,1851,2117,-388,2051,
-413,1204,1883,2129,-279,1851,
-309,1331,1883,1889,-148,1669,
-419,1253,1903,1709,-302,1641,
-281,1373,1788,1477,-478,1425,
-181,1352,1895,1330,-522,1094,
-142,1359,2063,1004,-547,1062,
-112,1209,2054,823,-519,881,
-40,1403,1988,703,-565,1029,
-103,1494,1947,506,-635,582,
6,1558,1881,505,-574,514,
-69,1712,1860,248,-641,153,
45,1759,1791,-6,-572,-106,
-12,2011,1696,-596,-671,-608,
75,2015,1544,-1182,-774,-1309,
147,1629,1625,-1365,-942,-1770,
140,1288,1894,-1530,-1191,-2148,
381,700,2048,-1109,-980,-1971,
372,668,2371,-807,-734,-1710,
370,730,2493,-805,-573,-1465,
392,865,2448,-855,-389,-1159,
319,943,2210,-1003,-324,-1176,
300,879,1865,-901,-340,-1106,
213,1052,1669,-1049,-447,-1258,
223,1085,1550,-1245,-535,-1439,
276,1093,1463,-1458,-583,-1815,
290,804,1543,-1214,-797,-2206,
390,636,2064,-1090,-774,-2564,
578,342,2170,-647,-536,-2373,
473,470,2294,-689,-526,-2399,
541,304,2253,-614,-408,-2234,
460,290,2148,-710,-398,-2053,
449,206,2005,-762,-469,-1735,
381,330,1966,-981,-487,-1655,
385,442,1929,-1252,-503,-1625,
369,528,1868,-1373,-447,-1699,
379,570,1789,-1300,-387,-1844,
371,634,1780,-1172,-455,-2189,
355,571,1919,-1159,-591,-2672,
477,347,2007,-942,-599,-2669,
503,294,2057,-823,-578,-2558,
536,251,2088,-800,-512,-2452,
560,138,2119,-744,-326,-2247,
446,72,2029,-893,-236,-2250,
409,-42,1888,-1011,-199,-2136,
333,-155,1809,-1002,-224,-1965,
263,-102,1826,-1089,-239,-2012,
254,-109,1895,-1174,-274,-2093,
315,-195,2002,-1008,-192,-1927,
224,-102,2032,-955,-132,-2306,
270,-280,1990,-654,-123,-2167,
194,-223,2059,-594,-87,-2085,
198,-239,2085,-563,-14,-2048,
100,-296,2087,-554,-116,-1764,
44,-318,2143,-722,-76,-1967,
108,-535,2072,-677,32,-1840,
45,-535,2116,-631,50,-1524,
13,-355,2149,-816,112,-1394,
22,-387,2170,-948,223,-1354,
-9,-526,2146,-803,268,-1161,
-64,-607,2089,-569,259,-1057,
-104,-651,2101,-363,263,-994,
-101,-650,2079,-104,193,-829,
-121,-548,2085,11,135,-702,
-153,-488,2127,97,98,-675,
-190,-510,2244,185,96,-581,
-191,-541,2322,187,197,-379,
-225,-465,2341,117,326,-211,
-248,-408,2280,22,338,-127,
-262,-382,2277,9,311,-6,
-213,-433,2335,56,407,285,
-275,-376,2367,-29,541,515,
-361,-317,2247,-180,581,703,
-456,-285,2041,-255,596,883,
-547,-307,1923,-180,528,1012,
-601,-312,1876,-30,368,1056,
-646,-337,1780,241,87,1049,
-585,-421,1799,573,-83,1260,
-574,-318,1943,713,-102,1273,
-556,-318,2027,718,-160,1405,
-491,-237,2087,645,-50,1625,
-531,-171,2117,506,-10,1665,
-516,-117,2076,335,55,1783,
-502,20,2042,290,156,1856,
-589,19,1944,212,114,1670,
-567,-107,1765,393,0,1928,
-605,-60,1688,456,-184,2205,
-572,1,1729,531,-326,2461,
-534,174,1825,526,-402,2597,
-501,223,1906,513,-409,2692,
-453,306,2036,493,-298,2705,
-421,395,2146,477,-85,2598,
-463,332,2090,502,98,2446,
-430,312,1987,618,312,2486,
-452,332,1881,747,383,2547,
-464,360,1778,940,333,2553,
-466,465,1747,1177,210,2553,
-543,514,1738,1229,-47,2360,
-417,463,1782,1387,-45,2502,
-477,531,1842,1380,-39,2439,
-455,541,1846,1363,1,2479,
-418,664,1859,1280,96,2539,
-418,818,1867,1093,192,2390,
-317,868,1896,1152,348,2590,
-343,1183,1920,953,427,2410,
-295,1215,1886,779,473,2144,
-307,1092,1842,832,439,1913,
-289,1072,1794,803,188,1716,
-262,909,1798,1082,-5,1425,
-196,940,2001,1119,-202,1261,
-92,867,2139,1206,-197,1100,
-111,770,2209,1386,-122,1041,
-31,962,2192,1393,-38,1167,
-5,1051,2148,1497,134,1084,
-69,1396,2101,959,169,1064,
-72,1419,1810,611,93,833,
-113,1421,1569,431,-11,746,
-63,1581,1520,151,-246,642,
143,1536,1896,-461,-591,-434,
184,1430,1971,-476,-686,-825,
182,1144,2042,-293,-815,-1218,
208,966,2088,62,-888,-1365,
240,845,2231,261,-877,-1465,
296,846,2332,182,-726,-1464,
323,794,2169,-66,-589,-1313,
294,802,1916,-234,-533,-1036,
213,1019,1736,-590,-596,-1028,
245,1189,1666,-956,-690,-1071,
289,1289,1635,-1363,-774,-1276,
373,1209,1639,-1529,-886,-1502,
376,1118,1683,-1356,-1060,-2048,
489,815,1933,-745,-1193,-2357,
632,667,2295,-300,-1022,-2515,
635,610,2455,-318,-882,-2372,
671,590,2348,-706,-718,-2027,
656,577,2070,-1314,-652,-1639,
572,810,1993,-2328,-773,-1307,
540,903,1939,-3723,-869,-1079,
536,934,1721,-4852,-939,-977,
454,726,1444,-5403,-1063,-1161,
499,573,1373,-5331,-963,-1300,
470,518,1416,-4941,-880,-1971,
599,373,1588,-4335,-875,-2690,
653,193,1918,-4088,-913,-3297,
848,-10,2124,-3914,-803,-3414,
1051,-120,2185,-3959,-395,-3146,
1008,-229,2114,-4003,-49,-2778,
816,-293,2016,-4649,24,-2792,
895,-597,1875,-5110,193,-2280,
812,-631,1771,-5415,347,-2160,
747,-772,1702,-5351,321,-2169,
715,-755,1772,-5029,402,-2502,
885,-810,1948,-4653,689,-2664,
883,-1001,2084,-4019,1068,-2518,
788,-1220,2142,-3625,1360,-2460,
876,-1538,2039,-2963,1865,-1818,
608,-1522,1895,-2592,1886,-1423,
440,-1648,1843,-2244,1806,-1139,
458,-1532,1873,-2156,2030,-990,
366,-1463,1851,-2029,2081,-648,
344,-1218,1836,-1881,2145,-435,
309,-927,1925,-1909,2247,-481,
246,-1012,1929,-1780,2274,-481,
260,-1143,1916,-1365,2381,-84,
116,-1215,1823,-942,2463,-222,
180,-1460,1730,-252,2801,-193,
-20,-1434,1620,313,2874,-164,
-166,-1290,1671,621,2644,-128,
-169,-1260,1723,877,2518,59,
-136,-1292,1927,1117,2632,414,
-177,-1403,2105,1350,2909,1058,
-211,-1521,2085,1895,3246,2172,
-382,-1419,1884,2349,3528,2925,
-603,-1248,1516,2813,3421,3352,
-904,-909,1213,2992,2915,2984,
-1129,-854,1024,3219,2116,1929,
-988,-734,1200,3403,1336,1355,
-956,-587,1514,3285,730,793,
-732,-696,1838,3306,575,819,
-601,-795,2074,3463,866,1195,
-685,-840,2129,3764,1174,1654,
-728,-987,1914,4310,1404,2084,
-851,-908,1750,4684,1592,2438,
-951,-779,1684,4603,1651,2602,
-984,-760,1703,4346,1540,3034,
-1083,-720,1640,4059,1168,3547,
-1116,-494,1519,3861,814,3766,
-1111,-350,1369,3847,504,3991,
-1011,-205,1459,4075,372,4202,
-1012,30,1704,4088,365,4045,
-912,56,1803,4326,504,4144,
-924,248,1710,4654,665,4245,
-1025,385,1558,4839,645,4058,
-1062,387,1465,4982,390,3892,
-997,231,1538,4925,214,3899,
-959,159,1509,4987,62,4285,
-961,382,1371,5005,-153,4752,
-952,700,1322,4956,-400,4936,
-914,925,1364,4806,-573,5041,
-799,1241,1412,4614,-527,5101,
-876,1445,1362,4384,-656,4850,
-860,1448,1245,4333,-880,4703,
-842,1565,1187,4332,-1204,4500,
-804,1536,1211,4274,-1549,4223,
-656,1594,1335,4199,-1705,4078,
-586,1697,1446,3982,-1804,3912,
-521,1857,1519,3525,-1839,3762,
-506,1913,1411,2974,-1895,3545,
-507,1996,1321,2289,-2049,3275,
-403,1977,1292,1743,-2109,3263,
-362,2218,1244,1108,-2247,2979,
-286,2284,1089,666,-2294,2196,
-280,2166,1054,771,-2879,2459,
-113,2554,1317,159,-3111,1931,
-146,2175,1419,-331,-3430,1363,
255,1860,1591,-724,-3272,1985,
141,1582,1665,-681,-3053,1939,
159,1546,1671,-412,-3051,2079,
268,1924,1795,-1151,-3057,2298,
26,1380,1154,-946,-3422,2244,
112,1469,708,237,-4041,2280,
199,2537,1264,-1279,-4361,1384,
196,1877,962,-1756,-5195,2717,
126,2110,1070,-2167,-6055,2230,
1015,2392,1268,-3297,-5465,1062,
1281,1979,1541,-4792,-4623,1652,
856,783,1457,-4229,-4493,1410,
983,537,1575,-2665,-4225,392,
1353,941,1766,-2174,-3632,710,
1381,1432,1574,-2376,-2947,1017,
1145,1911,1310,-3283,-2641,719,
970,1942,1067,-4211,-2617,269,
933,1693,843,-4366,-2729,185,
970,1929,922,-4922,-2894,-5,
1187,1938,981,-5800,-2860,-213,
1283,1597,977,-6463,-2895,-81,
1162,1216,1310,-7235,-3476,-490,
1133,1004,1630,-8176,-4321,-1544,
1633,471,1561,-8334,-4488,-2264,
2048,-79,1499,-7586,-3981,-1478,
2884,-794,1428,-4523,-1570,34,
2480,589,1761,-4065,223,1270,
1669,1446,1723,-5854,612,316,
1593,739,1186,-5887,695,-618,
1581,508,1066,-5622,733,-217,
1363,720,1031,-6182,475,-508,
1275,240,1061,-6585,-207,-849,
1449,-118,1382,-6820,-608,-1579,
1912,-532,1595,-6705,-374,-1767,
2356,-885,1655,-5832,547,-873,
2507,-633,1791,-4927,1810,-19,
2293,-3,1923,-5356,2883,11,
1885,-289,1497,-5465,3447,-127,
1527,-708,1126,-4482,3622,-184,
1294,-383,1076,-4319,3598,-323,
1147,-365,1029,-4424,3441,-797,
1088,-430,1127,-4815,3309,-1215,
1059,-461,1390,-5637,3120,-1615,
1170,-868,1375,-5653,3042,-1663,
1428,-1131,1489,-5170,3533,-879,
1321,-1057,1580,-4895,3974,-337,
1246,-960,1528,-4799,4492,-262,
1041,-1023,1287,-4263,4694,121,
642,-643,1335,-4519,4249,-420,
682,-813,1494,-5071,4160,-1295,
820,-1624,1265,-4027,4441,-506,
554,-1458,1278,-3263,4468,218,
168,-1026,1358,-3720,4053,-238,
360,-1178,1174,-3602,3926,-947,
686,-1099,1540,-4404,4690,-852,
403,-1670,1430,-4131,4970,-726,
327,-1826,1377,-3141,4788,-85,
293,-1592,1503,-2774,4897,-94,
218,-1623,1475,-2586,5017,-90,
155,-1783,1421,-2283,5059,379,
89,-1950,1460,-1830,5210,675,
142,-1930,1472,-1434,5652,1188,
-162,-1922,1297,-1010,5756,1690,
-472,-1678,1172,-984,5493,1590,
-692,-1694,1220,-1112,5136,843,
-502,-2053,1405,-737,4948,802,
-308,-2319,1584,188,5041,1696,
-487,-2361,1561,1336,5010,2556,
-639,-2053,1419,2044,5008,2816,
-978,-2006,1216,2591,4720,2481,
-1095,-2026,1164,2876,4269,2298,
-1116,-2091,1137,3258,3856,2698,
-1284,-1969,1083,3657,3487,2960,
-1317,-1697,1203,3879,3037,2705,
-1161,-1570,1416,4001,2773,2857,
-1003,-1594,1512,4728,2560,3294,
-790,-1366,1776,5526,2577,3980,
-732,-1250,1593,6665,3049,4495,
-1092,-1190,1232,7986,2902,4743,
-1380,-850,1100,8258,2438,4540,
-1584,-766,958,7988,1886,4295,
-1571,-733,930,7681,1391,4278,
-1497,-659,1053,7307,1091,4631,
-1309,-654,1086,7398,1041,5098,
-1380,-586,1041,7821,727,5476,
-1346,-222,1032,8388,361,5180,
-1183,120,1026,8813,167,5025,
-1218,498,981,9108,-307,5072,
-1277,939,988,8863,-768,4510,
-1195,1083,1049,8326,-1122,4406,
-1073,1074,1075,7833,-1327,4881,
-1094,1216,933,7394,-1494,4996,
-1094,1532,989,6434,-1622,4685,
-1118,1565,1029,5586,-1854,4541,
-1027,1591,1047,5107,-2016,4209,
-853,1638,1130,4854,-2071,3945,
-860,1599,1241,4847,-2243,4058,
-828,1741,1241,4884,-2712,4091,
-778,1914,1204,4610,-3120,3904,
-723,1973,1201,4052,-3426,3681,
-730,1919,1125,3469,-3695,3430,
-609,1971,1129,2925,-3829,3502,
-464,2002,1098,2234,-3609,3440,
-514,2000,1023,1884,-3566,3268,
-516,2082,998,938,-3518,2940,
-811,1863,1184,1105,-4832,3693,
-758,2080,1085,753,-6248,3639,
-826,1789,1212,766,-7996,3855,
-330,1782,1163,851,-9343,3378,
685,1662,1099,1165,-8463,2397,
1523,1757,1381,1285,-5295,2141,
1219,2399,1603,-404,-2931,3697,
39,2506,1419,-1753,-2855,3484,
-206,2676,1168,-3301,-3317,890,
-128,1739,346,-3244,-4577,1706,
-320,1291,429,-1730,-6298,3389,
-430,2407,1092,-2888,-7730,1942,
-181,2466,1106,-5244,-9580,2140,
599,1541,950,-5837,-9686,860,
1791,583,1070,-4219,-7795,-97,
2808,738,1394,-2976,-4862,1841,
2588,1750,1581,-3250,-2411,3203,
1694,2651,1559,-4617,-1216,1948,
1089,2542,1210,-5850,-1334,606,
1000,1888,690,-5687,-1723,768,
808,1850,605,-5328,-2296,1417,
682,2253,789,-6388,-3269,1799,
457,2118,1008,-8669,-4754,1512,
555,1384,671,-10017,-6130,629,
887,806,703,-10562,-7480,430,
2041,-171,861,-8959,-6845,-829,
3546,-693,1528,-6385,-3960,-1034,
4185,-51,1908,-5617,-493,1623,
3485,581,1736,-5235,2120,3577,
2159,1469,1329,-6136,3060,2786,
1146,1343,1015,-7125,2729,704,
909,582,521,-6871,1911,3,
939,517,576,-6847,1128,517,
1023,589,777,-7561,599,484,
1299,135,896,-8317,228,421,
1342,-186,1264,-9297,-216,-5,
1920,-1099,1305,-8571,163,-829,
2808,-1922,1317,-5949,1645,250,
2910,-1111,1432,-4148,3399,1906,
2124,310,1543,-5443,4286,1859,
1320,-240,1085,-6381,4363,457,
1002,-1485,672,-4719,3950,221,
934,-948,736,-3705,3401,380,
799,62,1202,-5601,2866,-262,
852,-587,1081,-6367,2211,-804,
1284,-1421,1098,-5440,2075,-236,
1533,-1534,1450,-5025,2741,360,
1275,-1773,1416,-4493,3131,903,
1310,-1530,1313,-3635,4041,258,
1223,-759,1415,-4390,4534,619,
798,-1076,1251,-4749,4567,217,
635,-1701,1069,-3852,4174,429,
598,-1657,1222,-3203,3646,1035,
800,-1470,1380,-3070,4077,-62,
1070,-1370,1527,-3967,4819,321,
836,-2200,1304,-3428,5373,639,
715,-2371,1294,-2024,5770,269,
532,-2007,1441,-1844,5588,555,
377,-2229,1389,-1205,5710,207,
258,-2118,1188,-618,5688,525,
8,-1570,1079,-772,5484,801,
-150,-1149,1202,-1704,5125,402,
-66,-1542,1268,-1990,4828,270,
231,-1913,1399,-1334,4960,720,
272,-1759,1471,-1037,5515,1014,
64,-1920,1530,-868,6113,719,
-90,-2124,1374,218,6369,924,
-245,-1563,1388,107,6354,1513,
-643,-1850,1204,259,6026,1093,
-796,-2119,1031,1492,5380,790,
-829,-1639,1329,1311,4792,1282,
-870,-1612,1335,1114,4454,1112,
-964,-1851,1192,1466,4087,999,
-1131,-2205,1316,2124,3496,1222,
-896,-2248,1529,2570,3395,1464,
-709,-2231,1475,3294,3640,2292,
-874,-1777,1306,4055,3760,2536,
-1360,-1539,1471,3825,3077,2476,
-1339,-1976,1514,4057,2556,2400,
-865,-2150,1362,5187,2970,3479,
-967,-1591,1199,6436,3194,4491,
-1519,-583,1120,6407,2638,3414,
-1840,-648,1358,5714,1809,1945,
-1421,-1165,1248,6036,1284,2707,
-1096,-1228,1130,6857,1538,3651,
-1290,-934,1256,7061,1694,3738,
-1450,-1011,1279,7199,1404,3527,
-1207,-1308,1164,8171,1125,4369,
-986,-1132,980,9581,1146,5153,
-1197,-500,953,10105,870,5376,
-1406,-240,811,10630,79,5073,
-1242,270,792,10601,-670,5010,
-1179,665,820,10100,-1253,4814,
-1156,1103,820,9581,-1962,4568,
-857,1748,1010,8412,-2320,4306,
-734,2145,1036,6751,-2481,4400,
-836,2269,1051,5108,-2604,4127,
-849,1119,1330,2887,-2954,2617,
-771,913,1368,3087,-3117,3078,
-681,688,1378,3918,-3219,3445,
-674,780,1321,4840,-3460,3657,
-649,1224,1285,5238,-3796,3706,
-462,1724,1315,5189,-3810,2967,
-142,2272,1386,4873,-3596,2406,
33,2944,1468,3799,-3236,1979,
59,3536,1539,1713,-2869,1204,
-202,3156,1442,-112,-3231,1812,
-307,2364,1225,-586,-3193,842,
29,2222,1378,-1313,-2323,-357,
218,1949,1479,-1778,-1617,351,
-123,1801,1496,-1962,-1483,134,
-301,1750,1544,-1864,-1756,-685,
-23,1822,1655,-2030,-1786,-570,
71,1783,1580,-2037,-1551,-415,
-69,1822,1501,-2059,-1478,-555,
-154,1731,1520,-2304,-1603,-799,
-241,1702,1401,-2543,-1962,-1017,
-336,1909,1372,-3574,-2492,-1411,
-446,1505,1286,-4397,-3039,-2330,
-423,1018,1387,-4650,-3764,-2590,
5,517,1798,-4537,-4006,-2738,
1106,-113,2260,-3187,-2664,-2217,
1596,-400,2476,-979,-594,-283,
525,661,2139,-560,-13,359,
-195,1243,1698,-1084,-558,-632,
7,848,1453,-1190,-1060,-271,
209,1024,1524,-1020,-1017,-96,
260,1827,1721,-2349,-1005,-302,
152,1439,1441,-2847,-1122,-898,
416,940,1429,-2094,-989,-1221,
541,833,1672,-1706,-756,-1175,
577,723,1881,-1174,-703,-1503,
790,1060,2074,-1066,-551,-1710,
802,1111,2237,-1644,-368,-1778,
718,592,2109,-1560,-268,-1529,
668,735,2131,-1906,-208,-1088,
538,876,2039,-2890,-204,-965,
547,568,1863,-3065,-144,-944,
632,726,1914,-3355,70,-857,
555,822,1859,-3807,179,-1074,
524,508,1735,-3633,199,-1277,
569,446,1799,-3513,230,-1284,
553,334,1870,-3375,196,-1385,
557,193,1819,-3165,218,-1354,
444,94,1820,-2983,212,-1472,
328,-114,1773,-2672,39,-1633,
448,-98,1856,-2445,-21,-1456,
501,-142,1982,-2420,88,-1063,
416,-238,2004,-2030,56,-1050,
528,-7,2150,-2100,196,-1111,
452,-154,2083,-2171,309,-1136,
425,-379,2134,-2028,602,-1391,
319,-453,2077,-2067,653,-1062,
172,-650,2033,-2070,701,-1086,
153,-860,2088,-1754,689,-817,
69,-809,2119,-1493,483,-316,
228,-672,2171,-1571,1127,-979,
26,-928,2043,-1372,1219,-761,
-55,-887,1964,-857,1185,-610,
-119,-499,2012,-1227,1271,-785,
-245,-796,1938,-1077,1097,-698,
-128,-832,2036,-880,1120,-502,
-115,-691,2164,-1197,1299,-219,
-194,-700,2080,-1268,1368,-39,
-179,-568,2172,-1609,1528,34,
-120,-694,2265,-1791,1819,187,
-65,-791,2271,-1630,2242,490,
-181,-676,2224,-1570,2585,577,
-363,-769,2092,-1373,2765,510,
-588,-929,1893,-842,2630,453,
-847,-960,1789,-305,2182,253,
-844,-883,1935,-180,1762,185,
-630,-868,2054,-254,1745,383,
-684,-1085,2094,65,1711,791,
-648,-1123,2008,743,1721,1523,
-792,-835,1886,1106,1690,1998,
-933,-622,1856,1189,1567,1745,
-875,-702,1788,1309,1590,1558,
-941,-743,1760,1494,1416,2068,
-1084,-661,1688,1615,1104,2149,
-1016,-540,1721,1595,1006,1978,
-1019,-665,1786,1824,866,2048,
-898,-661,1849,2316,919,2113,
-925,-570,1804,3115,1038,2073,
-957,-335,1754,3690,1112,1802,
-1073,-212,1593,4405,1028,1543,
-1040,198,1639,4536,966,1378,
-1173,536,1522,4102,599,1497,
-1329,576,1402,3526,-13,1805,
-1301,470,1375,3254,-557,1713,
-1069,482,1412,3421,-830,2230,
-1068,843,1533,3345,-1093,2309,
-1027,1056,1628,3135,-1423,2118,
-843,979,1712,3183,-1500,2057,
-756,944,1782,3407,-1404,1897,
-747,1178,1758,3279,-1379,1732,
-779,1356,1675,2718,-1467,1673,
-758,1302,1577,2280,-1529,1665,
-638,1386,1593,1647,-1403,1787,
-632,1385,1587,1018,-1260,1832,
-639,1234,1553,677,-1187,1753,
-450,1150,1579,576,-887,1484,
-702,973,1703,623,-1212,1896,
-590,1066,1735,760,-1450,1258,
-125,1041,1858,789,-1035,1346,
-355,1085,1848,1106,-1067,1371,
-242,1491,2033,715,-1042,1029,
0,1479,1931,602,-535,746,
-475,1220,1846,1040,-742,1207,
-324,1888,1760,503,-916,823,
-236,1575,1743,-79,-607,-132,
-179,1288,1526,108,-574,395,
-387,1642,1548,-906,-709,-175,
-272,1091,1283,-323,-944,-447,
-185,1526,1574,-619,-1146,-602,
-141,1276,1690,-658,-1348,-1291,
5,829,1791,-46,-1518,-1559,
149,785,2018,456,-1606,-1463,
257,928,2198,571,-1542,-1467,
293,930,2106,938,-1603,-1300,
316,1196,2093,790,-1614,-1076,
338,1243,1940,333,-1602,-810,
227,1148,1681,171,-1659,-660,
276,1493,1642,-404,-1595,-874,
376,1738,1573,-1459,-1407,-1116,
400,1543,1480,-1926,-1167,-1540,
414,1687,1768,-2720,-1167,-1810,
560,1481,1916,-3515,-1037,-2099,
696,959,1968,-3198,-808,-2037,
716,944,2197,-2970,-657,-2122,
700,654,2240,-2406,-594,-2224,
698,584,2239,-1691,-551,-2308,
625,656,2210,-1396,-610,-2525,
606,666,2120,-1342,-746,-2442,
451,781,2136,-1971,-967,-2536,
611,611,2078,-2559,-1058,-2136,
684,418,2074,-2476,-808,-2005,
645,623,2108,-3058,-683,-1606,
544,506,1988,-3369,-595,-1624,
555,380,1827,-3164,-519,-1575,
499,314,1759,-2774,-546,-1612,
424,245,1707,-2374,-753,-1886,
496,123,1789,-1905,-924,-2130,
583,-75,1918,-1186,-913,-2366,
642,-15,2094,-991,-834,-2109,
609,-119,2084,-791,-708,-1989,
676,-192,2092,-658,-430,-1699,
634,-197,2139,-771,-138,-1379,
556,-246,2067,-756,8,-957,
396,-89,2006,-1373,56,-664,
286,-422,1837,-1356,43,-669,
337,-185,1976,-1868,398,-1163,
245,-465,1917,-1830,444,-1058,
261,-379,1957,-1655,510,-985,
177,-433,2035,-1641,457,-1087,
193,-816,1944,-1033,417,-994,
339,-697,2174,-892,833,-1122,
169,-735,2093,-677,895,-1094,
173,-673,2122,-503,893,-938,
212,-531,2200,-900,1103,-977,
135,-784,2188,-1105,1199,-857,
125,-933,2243,-1154,1365,-530,
69,-825,2186,-1346,1553,-348,
-118,-855,2026,-1286,1508,-339,
-158,-894,2011,-1019,1433,-380,
-172,-892,2091,-730,1403,-188,
-230,-859,2134,-392,1403,-118,
-241,-816,2166,-130,1504,-9,
-285,-787,2205,70,1661,193,
-343,-734,2220,104,1759,468,
-387,-718,2281,-25,1902,638,
-396,-815,2260,4,2078,956,
-522,-888,2085,380,2099,1339,
-724,-759,1998,362,1893,1642,
-717,-888,2116,219,1784,1917,
-578,-954,2141,259,2081,2253,
-690,-871,2071,491,2228,2738,
-862,-729,1814,875,2165,2787,
-981,-680,1732,1242,2024,2728,
-909,-654,1731,1578,1974,2836,
-954,-666,1657,1942,1926,3070,
-1024,-668,1573,2461,1832,3005,
-992,-581,1437,2911,1699,3085,
-1051,-366,1412,3111,1421,3232,
-1051,-144,1432,3212,1061,3436,
-973,31,1404,3384,870,3470,
-960,182,1436,3725,688,3308,
-979,447,1392,3855,313,3417,
-943,528,1390,4030,58,3128,
-904,730,1406,4142,-230,3074,
-987,1023,1409,4078,-656,2883,
-947,1191,1369,3764,-1094,2660,
-844,1150,1374,3561,-1317,2579,
-768,1135,1426,3300,-1314,2663,
-749,1110,1416,3170,-1330,2848,
-722,1183,1407,3216,-1354,2944,
-664,1368,1458,3088,-1374,2886,
-523,1690,1487,2565,-1185,2578,
-513,1813,1552,1515,-955,2373,
-481,1677,1389,1115,-767,1823,
-754,1622,1480,889,-1416,2027,
-354,1947,1615,267,-1339,1450,
-239,1614,1744,-52,-1015,1406,
-366,1271,1819,355,-1089,1380,
-127,1559,2103,384,-841,1032,
128,1555,2098,230,-194,586,
-242,1170,1906,1023,-514,1571,
-72,2096,1835,96,-273,1083,
-254,1663,1416,107,-375,662,
-272,1981,1393,-137,-835,938,
-162,2189,1340,-872,-908,4,
-84,1935,1268,-932,-1084,-128,
-5,2213,1511,-1864,-1090,-753,
133,1824,1400,-1839,-1065,-1203,
121,1830,1777,-2091,-1303,-1716,
420,1449,2157,-2186,-1215,-2109,
552,1103,2261,-1560,-979,-2136,
468,1202,2331,-1501,-872,-2025,
428,1118,2143,-1023,-838,-2165,
386,1387,2122,-1265,-856,-2163,
347,1264,1949,-1299,-958,-2208,
363,1378,1828,-1644,-999,-1969,
319,1393,1732,-2167,-1045,-2064,
470,1126,1691,-2189,-915,-2123,
490,1087,1814,-2239,-813,-2274,
381,1036,1964,-2604,-1009,-2597,
616,473,1951,-2137,-942,-2545,
550,388,2049,-1478,-984,-2407,
552,587,2241,-1595,-1059,-2394,
636,436,2176,-1620,-982,-2025,
528,528,2096,-1667,-968,-1840,
563,605,1924,-1827,-874,-1729,
395,478,1779,-1879,-936,-1747,
400,425,1698,-1786,-958,-1763,
382,629,1756,-2085,-1003,-1704,
338,712,1663,-2494,-1135,-1948,
305,670,1738,-3054,-1506,-2298,
559,494,1936,-3651,-1614,-2492,
849,-79,1940,-2828,-1220,-2223,
853,139,2182,-2513,-816,-2166,
794,190,2170,-2436,-591,-2224,
784,-60,2080,-2062,-332,-2145,
695,-35,2012,-2126,-119,-1810,
466,-150,1863,-2196,-133,-1788,
450,-350,1782,-2265,-112,-1654,
381,-410,1755,-2104,-152,-1400,
456,-97,1942,-2541,-4,-1507,
460,-146,1987,-2853,152,-1553,
424,-298,2043,-2666,161,-1607,
590,-397,2202,-2412,510,-1897,
512,-672,2128,-1684,756,-1698,
313,-550,2160,-1387,691,-1562,
339,-560,2079,-1510,780,-1455,
215,-856,2061,-1323,703,-1202,
258,-853,2126,-1409,573,-724,
360,-822,2185,-1909,935,-801,
367,-975,2097,-2033,1359,-745,
97,-857,1982,-1848,1149,-609,
222,-663,1946,-1768,1310,-1033,
185,-835,1845,-1246,1541,-1293,
51,-853,1918,-801,1454,-1211,
45,-802,2011,-862,1608,-1249,
-65,-1098,1851,-527,1712,-1199,
-184,-1191,1885,-9,1662,-942,
-270,-977,2078,23,1652,-619,
-330,-867,2144,-261,1714,-527,
-380,-1079,2143,-60,1776,-271,
-323,-1035,2299,-35,2007,101,
-469,-933,2265,-87,2163,287,
-525,-978,2191,109,2220,398,
-568,-1055,2134,389,2298,638,
-684,-1058,2090,620,2261,1050,
-686,-1009,2162,717,2244,1545,
-726,-983,2028,897,2345,1779,
-863,-1080,1744,1256,2354,1861,
-973,-1027,1686,1601,2079,2437,
-983,-837,1630,1640,1993,2366,
-964,-869,1634,1731,1892,2318,
-933,-964,1658,1971,1735,2671,
-820,-853,1694,2284,1758,3164,
-861,-650,1743,2596,1759,3455,
-810,-397,1781,3087,1731,3491,
-788,-114,1863,3332,1694,3554,
-818,-5,1863,3566,1684,3530,
-851,104,1721,3834,1657,3635,
-963,253,1541,3871,1477,3723,
-1082,331,1382,3672,1155,3686,
-1131,361,1286,3453,742,3699,
-1088,369,1285,3401,411,3583,
-1064,411,1285,3450,24,3575,
-1054,362,1322,3297,-271,3583,
-955,245,1211,3665,-545,3850,
-917,446,1249,4208,-864,3898,
-830,906,1420,4392,-1188,3571,
-664,1212,1562,4296,-1305,3480,
-604,1480,1531,4025,-1284,3441,
-537,1918,1332,2616,-1196,2881,
-483,2029,1257,1679,-864,2555,
-708,1926,1257,782,-1009,2579,
-634,1653,1164,714,-1226,2051,
-310,1859,1480,189,-1007,1806,
-403,1750,1625,169,-1105,1440,
-231,1844,2042,-255,-1076,995,
6,1588,2214,-501,-725,889,
-17,1479,2338,-743,-353,988,
-39,1368,1995,-1072,51,865,
-387,824,1621,85,-430,1929,
-286,1865,1771,-776,-455,1481,
-345,1270,1396,-526,-501,822,
-329,1499,1419,-303,-713,991,
-361,1901,1414,-1069,-805,207,
-298,1527,1292,-766,-989,13,
-238,1856,1653,-1347,-1199,-388,
2,1729,1887,-1786,-1185,-811,
120,1610,2085,-2053,-1085,-961,
150,1465,2242,-2123,-1025,-1180,
221,1314,2269,-2004,-954,-1245,
194,1240,2189,-1847,-922,-1209,
140,1238,2053,-1616,-942,-1378,
146,1409,1991,-1835,-975,-1453,
23,1322,1774,-1998,-1167,-1649,
101,1233,1699,-2116,-1273,-1795,
118,1126,1680,-2266,-1253,-1873,
111,1020,1667,-2438,-1334,-1910,
152,1049,1740,-2696,-1400,-2040,
239,941,1912,-2964,-1413,-2280,
342,690,1949,-2914,-1482,-2422,
464,289,1942,-2257,-1342,-2416,
462,103,2008,-1333,-1139,-2427,
406,365,2111,-1281,-1169,-2015,
398,454,2065,-1605,-1153,-1801,
412,201,1917,-1247,-1074,-1581,
356,515,1891,-1506,-1117,-1310,
252,680,1777,-2040,-1323,-1502,
424,536,1840,-2239,-1407,-1519,
555,548,2015,-2540,-1334,-1460,
684,482,2187,-2821,-1165,-1664,
816,152,2241,-2634,-870,-1498,
781,-8,2180,-2127,-591,-1388,
619,8,2111,-1844,-488,-1359,
601,82,2004,-1607,-395,-1340,
520,291,1971,-1871,-356,-1395,
451,230,1894,-2265,-390,-1500,
438,19,1783,-2367,-341,-1539,
408,64,1759,-2536,-364,-1432,
423,100,1855,-3191,-330,-1558,
513,-370,1823,-3175,-79,-1515,
463,-510,1823,-2723,136,-1493,
515,-258,2003,-3044,530,-1768,
338,-616,1827,-2768,561,-1654,
344,-583,1829,-2408,660,-1597,
273,-403,1952,-2794,719,-1484,
213,-604,1830,-3040,806,-1642,
289,-769,1949,-3344,1146,-1522,
110,-847,1878,-3501,1290,-1454,
50,-898,1884,-3797,1303,-1573,
157,-1133,1975,-3884,1380,-1403,
227,-1118,2099,-4034,1583,-1255,
273,-1114,2207,-4171,1811,-1226,
309,-1249,2210,-4060,2189,-1084,
181,-1581,2073,-3278,2447,-680,
-35,-1461,1940,-2778,2550,-552,
-172,-1388,1879,-2628,2564,-566,
-158,-1561,1928,-2394,2683,-409,
-137,-1756,1933,-1793,2908,-97,
-206,-1676,2025,-1601,3127,192,
-274,-1741,2034,-1234,3242,465,
-155,-1599,2104,-1076,3566,1075,
-331,-1596,1994,-676,3688,1564,
-531,-1625,1834,-51,3532,2099,
-565,-1419,1735,375,3440,2458,
-648,-1281,1621,721,3393,2827,
-836,-1193,1482,1125,3241,3000,
-1020,-1180,1364,1597,2854,3502,
-1098,-1069,1341,1751,2727,3392,
-1104,-1208,1308,1941,2721,3136,
-1092,-1311,1406,2364,2591,3811,
-978,-1218,1521,2634,2841,4099,
-981,-1282,1510,3378,3122,4563,
-1122,-1059,1387,4215,3163,5194,
-1215,-684,1402,4942,3092,5362,
-1276,-492,1326,5526,3130,5267,
-1368,-342,1251,6240,2884,5639,
-1470,-21,1118,6648,2461,5726,
-1490,249,1073,6507,2070,5527,
-1691,368,1134,6300,1171,5502,
-1653,479,1087,6211,261,5719,
-1436,693,1037,6245,-158,5450,
-1382,967,1063,6014,-485,5298,
-1375,1203,1099,5459,-905,5086,
-1306,1265,1174,5188,-1288,4731,
-1165,1318,1225,5256,-1495,4358,
-1052,1484,1316,5285,-1679,4149,
-1021,1784,1413,4815,-2069,4177,
-1067,1875,1374,3969,-2647,4167,
-973,1797,1248,3436,-3056,3789,
-820,1765,1199,3110,-3193,3394,
-696,1840,1265,2555,-3088,2938,
-710,1940,1437,1606,-3103,2574,
-615,1898,1474,738,-3077,2297,
-508,1773,1456,53,-2988,2233,
-759,1447,1505,-32,-3698,3178,
-829,1501,1538,-145,-4688,2932,
-320,1481,1626,-134,-4582,1789,
316,1058,1573,1041,-3589,1875,
298,1471,1667,1065,-2821,3038,
-108,2015,1579,-114,-2533,2499,
-206,1906,1431,-862,-2410,731,
23,1661,1172,-1538,-2186,-308,
-95,823,1369,-1173,-2939,2737,
-228,1500,1410,-1100,-2829,444,
-109,1825,1641,-2379,-3220,-180,
315,1628,1613,-3243,-3066,-1118,
431,886,1984,-3153,-3134,411,
673,827,1984,-2463,-2460,-166,
640,858,1872,-1878,-2262,598,
445,1300,1835,-1766,-2284,353,
374,1427,1747,-2113,-2521,182,
405,1156,1620,-1852,-2591,-189,
436,1289,1608,-1647,-2645,-510,
581,1796,1747,-2446,-2547,-911,
582,1823,1780,-3538,-2533,-1060,
467,1723,1928,-5169,-2883,-922,
518,1527,1714,-6505,-3010,-1763,
730,594,1665,-5883,-2735,-2369,
1074,403,1880,-5339,-2186,-1555,
1083,368,1963,-4629,-1583,-1105,
991,499,2036,-4330,-1067,-1257,
927,630,1944,-4758,-827,-900,
818,456,1815,-4919,-570,-884,
738,241,1791,-4492,-358,-998,
714,373,1864,-4534,-268,-692,
629,565,1847,-5052,-266,-508,
570,512,1714,-5409,-290,-843,
621,283,1780,-5546,-388,-968,
764,81,1898,-5592,-243,-1330,
1058,-282,1944,-5202,229,-1189,
1276,-506,1952,-4463,1401,-1549,
1274,-481,2010,-4012,2376,-1043,
974,-408,2008,-3981,2888,-422,
666,-464,1799,-3847,3099,-543,
458,-495,1733,-3739,3135,-968,
400,-468,1769,-4028,3121,-1068,
387,-586,1737,-4101,3216,-1003,
323,-656,1702,-3964,3363,-1090,
227,-598,1763,-4061,3410,-1329,
188,-737,1841,-4170,3389,-1525,
206,-1136,1793,-3535,3407,-1411,
228,-1274,1836,-2712,3610,-1169,
212,-1075,1847,-2552,3901,-663,
56,-887,1734,-2929,4105,-206,
-176,-948,1608,-3356,4106,-525,
-236,-1181,1636,-3600,3970,-836,
-87,-1450,1665,-3407,4087,-805,
41,-1608,1727,-2872,4470,-559,
126,-1546,1772,-2335,5058,-1108,
136,-1503,1882,-2004,5717,13,
-73,-1618,1726,-1325,6106,678,
-370,-1599,1635,-733,6144,693,
-520,-1559,1664,-267,6138,276,
-479,-1717,1638,919,6362,94,
-670,-1454,1645,1646,5776,1001,
-1235,-1366,1452,1957,4952,885,
-1387,-1068,1455,1890,4018,137,
-991,-1003,1530,1708,3677,147,
-658,-1276,1575,2178,3974,679,
-805,-1323,1611,2657,4051,2624,
-996,-1414,1672,3414,4246,1982,
-957,-1473,1636,4074,4247,2242,
-910,-1492,1473,4589,4290,3738,
-1089,-1528,1117,5418,4574,4242,
-1289,-1308,1035,6362,4827,4233,
-1672,-670,911,5781,4372,4036,
-2027,-378,901,4971,3161,4245,
-2026,-275,941,4267,2231,2823,
-1541,-626,971,4606,2167,2405,
-1319,-728,1123,5059,2400,3603,
-1624,-426,1240,5007,2085,4623,
-1858,-279,1149,5076,1431,4569,
-1717,-293,900,5647,949,4410,
-1489,-22,860,5914,942,4557,
-1523,128,866,6021,1006,4734,
-1696,252,862,6261,690,5162,
-1670,537,791,6385,469,4893,
-1570,729,828,6449,346,4967,
-1525,924,871,6327,181,5531,
-1564,1154,803,6143,-16,5634,
-1611,1287,766,5991,-281,5380,
-1621,1343,780,5985,-698,5263,
-1566,1343,852,5946,-1181,5852,
-1512,1455,822,5849,-1806,6587,
-1514,1743,808,5501,-2584,6618,
-1442,2134,804,4807,-3349,6244,
-1250,2411,847,3754,-4031,5883,
-1108,2378,785,2967,-4520,5497,
-1042,2291,735,2480,-4834,4975,
-951,2219,705,2021,-5116,4595,
-863,2270,727,1582,-5214,4072,
-696,2280,706,1017,-4895,3311,
-680,2104,780,834,-4824,3166,
-688,2044,778,701,-4788,2991,
-737,2096,831,217,-4690,2290,
-912,2032,849,-252,-5204,1888,
-1092,1797,858,-339,-6329,1822,
-1354,1768,1009,-625,-8109,2630,
-1012,2012,703,-866,-9733,486,
155,2028,894,-1608,-9801,472,
1415,1802,972,-1851,-8221,1890,
1825,1753,1076,-1727,-5645,4513,
1249,2313,1110,-2435,-3803,6491,
118,2616,1107,-3639,-3443,4913,
-278,2490,1048,-4902,-4116,2610,
47,1938,973,-5692,-4466,2110,
218,1151,985,-5398,-4703,2939,
189,811,1054,-4368,-5035,2664,
506,1272,1253,-3927,-5296,983,
1401,2092,1710,-5207,-4763,761,
2078,2041,1659,-6306,-3454,1980,
1851,1777,1356,-6322,-1996,2602,
1013,2146,1208,-6936,-1621,1464,
515,2156,948,-7601,-2239,80,
729,1497,858,-7369,-2492,-798,
1115,880,879,-6522,-2099,-446,
1048,961,1222,-6711,-1897,22,
1122,1139,1466,-7959,-1712,153,
1087,530,1851,-9043,-1848,-77,
1564,-589,1919,-7996,-1552,-724,
2269,-1010,1997,-5134,-293,-733,
2237,263,1998,-4114,857,140,
1281,1530,1606,-5386,654,-69,
771,1390,1231,-6573,-161,-1690,
1040,430,1136,-6296,-517,-2085,
1243,-93,1284,-5562,-190,-1628,
1086,141,1308,-5420,16,-1348,
1097,574,1455,-6409,223,-1561,
1416,287,1722,-7515,611,-1494,
1576,-369,1839,-7621,1094,-1283,
1773,-443,1756,-7255,2003,-1251,
1484,-448,1604,-6801,2584,-1068,
1010,-499,1603,-6368,2329,-1585,
940,-642,1712,-6006,1868,-1978,
1066,-940,1657,-5513,1705,-1443,
892,-949,1513,-4956,1463,-1206,
605,-775,1538,-5095,716,-1404,
508,-928,1497,-5407,35,-1198,
989,-1379,1471,-5034,291,-887,
1180,-1262,1597,-4759,1045,-704,
1176,-1043,1709,-4962,1806,-302,
1257,-1004,1642,-4994,3009,-1251,
1118,-1145,1644,-5116,3544,-763,
891,-1431,1567,-4703,3633,-379,
858,-1469,1604,-4081,3973,-997,
1001,-1498,1694,-3799,4431,-649,
932,-1740,1677,-3342,4906,217,
684,-1949,1599,-2580,5312,461,
571,-1903,1478,-2000,5662,776,
367,-1668,1374,-1529,5961,1325,
35,-1298,1378,-1538,5941,848,
32,-1199,1438,-1910,5966,280,
113,-1475,1386,-1666,5996,936,
46,-1410,1460,-1208,6133,1234,
-60,-1164,1578,-1246,6244,768,
-172,-1262,1475,-1370,6197,1020,
-382,-1543,1364,-1104,6022,1369,
-567,-1671,1346,-902,5769,1261,
-619,-1952,1439,-663,5489,1116,
-579,-2443,1498,331,5155,1646,
-514,-2608,1540,1540,4995,2438,
-496,-2553,1533,2639,5077,2937,
-516,-2533,1380,3903,5173,3373,
-559,-2299,1279,5522,5347,2990,
-664,-1603,1265,6427,5458,3347,
-865,-909,1133,6216,5353,3249,
-1108,-635,1145,5060,4914,3720,
-1451,-951,1199,4199,3934,4012,
-1636,-1518,1209,4492,2928,3765,
-1458,-1867,1099,5776,2331,3631,
-1256,-1669,1017,6808,2243,4001,
-1269,-936,964,7021,2124,4421,
-1297,-478,1017,6243,1885,5350,
-1237,-502,813,6363,1720,5726,
-1396,-356,841,6581,1558,5431,
-1498,-79,934,7112,1158,4947,
-1319,513,1233,6904,831,5399,
-1242,684,1199,6798,611,6159,
-1366,959,1083,6874,187,5996,
-1402,1358,1190,6421,-269,5220,
-1329,1712,1171,5400,-799,5162,
-1381,1917,1313,3929,-1246,4551,
-1506,1428,1403,2949,-1829,4247,
-1665,1099,1306,2497,-2897,4363,
-1693,1193,1331,2017,-3718,3961,
-1228,741,1174,2896,-3524,2971,
-1108,556,1333,4002,-3357,3822,
-1241,738,1363,4676,-3629,4583,
-759,1597,1161,4913,-3551,3905,
-667,2276,1267,3124,-3585,4287,
-644,2610,1408,659,-3584,3404,
-573,2029,1229,-252,-3321,2275,
-426,1976,1331,-652,-2976,1628,
-502,1849,1478,-1422,-3068,1809,
-797,1452,1421,-1589,-3622,1397,
-832,1206,1465,-1534,-4307,796,
-521,912,1511,-1130,-4565,986,
-503,792,1587,-667,-4814,1655,
-492,1089,1640,-675,-5158,1928,
-364,1126,1530,-716,-5328,2065,
-349,983,1499,-385,-5604,2307,
-369,1029,1467,-118,-6029,2189,
-264,1165,1324,248,-6439,1902,
-33,1528,1474,265,-6805,1427,
307,1836,1562,73,-6969,1219,
597,2239,1620,-685,-6723,887,
759,2181,1676,-1574,-6264,382,
883,1715,1509,-1772,-5749,711,
880,1583,1504,-1798,-5115,663,
722,1430,1524,-2144,-4831,523,
561,1130,1521,-2372,-5040,610,
631,907,1579,-2290,-5162,167,
864,771,1598,-2018,-4933,-366,
1086,808,1550,-1870,-4515,95,
1100,1104,1463,-1942,-4187,486,
1072,1561,1517,-2506,-4127,-203,
1301,1959,1721,-3909,-4062,-916,
1713,1731,1529,-4971,-3390,-750,
1854,1302,1395,-5047,-2197,-48,
1582,1048,1296,-4861,-1290,505,
1108,1182,1358,-5646,-1413,724,
875,1065,1501,-7062,-2203,188,
1005,329,1428,-7378,-2923,-315,
1515,-536,1468,-5812,-2492,-1421,
2111,-613,1684,-4235,-1364,-1281,
2258,-16,1874,-4382,-329,287,
1977,257,1761,-4738,510,724,
1555,209,1560,-4701,808,333,
1396,216,1460,-4362,653,-22,
1546,447,1544,-4577,639,-422,
1717,490,1398,-5192,805,-924,
1880,233,1791,-6193,1431,-1053,
1729,-869,1598,-6699,2175,1126,
911,-2452,1400,-3740,2210,826,
485,-2028,1609,-1075,1593,-1013,
1236,-768,2205,-1452,1442,-1253,
1914,-808,2092,-2030,2515,240,
1486,-1251,1718,-568,3480,561,
1321,-579,1781,377,4260,-542,
823,147,1919,-974,3880,-424,
698,-728,1916,-650,3536,-1337,
1202,-906,1792,695,4202,-1362,
962,119,1854,-398,4804,-300,
138,62,1590,-1464,4347,-710,
-137,-526,1651,-1158,3360,-1278,
-233,-676,2045,-1072,2237,-1584,
486,-686,1776,-850,2453,-1258,
311,-717,1985,-482,2262,-1062,
477,-645,2080,-274,2196,-1466,
767,-672,2175,-25,2861,-1422,
708,-517,2145,173,2954,-609,
161,-734,1891,418,2544,-146,
301,-774,1618,766,2661,-36,
290,-410,2019,7,3227,-6,
690,-100,1726,-1164,4584,-593,
-360,-1041,1744,-773,3531,1260,
-256,-969,1814,523,2195,1048,
446,-666,1856,403,2737,2102,
73,-910,1918,478,3332,2334,
-420,-583,2141,-109,2913,2918,
-309,-380,2152,-867,3010,2403,
-468,-481,2308,-1360,2861,1280,
153,-777,2460,-835,3604,-106,
670,-905,2343,74,5635,258,
33,-567,2099,1071,6811,-2051,
-218,-478,1620,1473,6949,551,
-940,-522,1526,2427,6588,-3123,
-548,-482,1757,2317,6730,-2504,
-540,-944,1490,2564,7221,-838,
-1871,-1147,1719,3305,5335,-526,
-1420,-723,1917,3078,3726,-1524,
-1234,-1548,1497,4108,3545,-147,
-1283,-1302,1562,4830,2729,2349,
-1878,-724,1748,4179,2429,-619,
-1215,-890,1355,4298,2155,1261,
-1234,-591,1534,4561,1768,1728,
-1597,379,1158,2893,-590,1358,
-1285,852,1749,717,-1825,101,
-1470,294,2835,1038,-3400,5771,
-1330,-851,1071,5832,-4233,7047,
-1270,701,870,6795,-4249,3263,
582,1702,1488,4468,-1807,3905,
-85,659,1621,3624,-61,6016,
-1181,196,1364,5510,-785,5040,
-873,1196,1751,4195,-1948,4626,
-640,1248,1548,2670,-2538,4499,
-435,888,1485,2901,-2235,3610,
-295,953,1523,3905,-1780,3103,
-80,2430,1681,2433,-1364,2554,
-195,2167,1921,-310,-884,2312,
-809,533,1546,1259,-1387,1478,
-533,1095,1717,2097,-1822,1333,
-434,1582,1865,339,-1519,1436,
-453,968,1490,570,-1473,1610,
-216,1352,1613,495,-903,2252,
-322,1481,1577,417,-738,1993,
-218,1666,1678,-239,-493,1471,
-437,1423,1692,-584,-618,741,
-335,1510,1931,-1600,-481,-203,
-428,962,1575,-1012,-651,-704,
-328,1391,1850,-1254,-846,-1124,
-137,1080,1957,-1205,-745,-995,
-63,894,1825,-677,-310,-404,
-273,1039,1749,-442,-624,-194,
-207,1386,1836,-879,-913,-685,
-66,1070,1706,-890,-938,-636,
-93,1338,1786,-1408,-974,-613,
104,1630,1791,-2187,-637,-798,
152,1294,1556,-1681,-162,-621,
108,1596,1756,-1919,-44,-759,
35,1430,1794,-1860,-102,-1289,
-4,1173,1731,-1597,-385,-1673,
14,859,1918,-1247,-733,-1645,
103,716,2240,-1198,-913,-1295,
82,693,2320,-1620,-1156,-833,
59,686,2187,-1814,-1381,-522,
101,635,1946,-1783,-1424,-396,
56,815,1752,-1711,-1560,-340,
164,1007,1787,-1688,-1634,-498,
204,1020,1917,-1831,-1678,-654,
267,1209,1813,-2079,-1620,-998,
342,936,1678,-2181,-1504,-1532,
410,498,1993,-2107,-1396,-1709,
571,368,2227,-1742,-1100,-1615,
483,474,2150,-1479,-992,-1746,
430,348,2006,-1101,-1063,-1801,
488,312,1951,-500,-1019,-1815,
600,349,2076,130,-694,-1763,
493,741,2019,256,-610,-2214,
464,771,1855,92,-697,-2683,
469,625,1710,-107,-653,-2727,
547,513,1790,-324,-523,-2605,
677,582,2135,-969,-304,-2376,
775,666,2344,-1816,-25,-2101,
723,616,2257,-2552,100,-2085,
640,267,2110,-2778,115,-2085,
500,50,1894,-2466,17,-2276,
479,-41,1850,-1771,-42,-2515,
465,76,1936,-1301,-141,-2930,
473,170,2006,-1073,-149,-3406,
539,103,2006,-603,-184,-3291,
447,41,1923,-807,-326,-3421,
450,-86,2031,-874,-291,-3210,
510,-114,2219,-1057,-162,-3049,
524,-236,2243,-1090,-62,-2782,
406,-181,2134,-1059,-65,-2622,
378,-186,2110,-1034,-22,-2491,
314,-193,2106,-1275,51,-2503,
285,-352,2028,-1363,144,-2415,
163,-353,1931,-1271,82,-2299,
209,-361,1919,-1052,278,-2304,
158,-466,1955,-899,336,-2270,
171,-537,1977,-711,350,-2148,
189,-584,2028,-645,435,-2017,
140,-608,2067,-693,378,-1862,
92,-572,2068,-653,310,-1773,
46,-630,2082,-646,341,-1710,
67,-642,2225,-701,468,-1435,
56,-605,2255,-783,658,-1093,
-14,-389,2224,-999,717,-948,
-74,-311,2179,-1184,669,-1018,
-83,-472,2243,-1157,708,-900,
-125,-557,2197,-1128,789,-789,
-210,-663,2110,-1094,747,-623,
-314,-711,2073,-872,606,-538,
-280,-818,2050,-511,593,-363,
-230,-810,2178,-207,621,-100,
-196,-732,2280,172,747,219,
-267,-563,2209,155,819,324,
-326,-512,2105,154,865,546,
-417,-538,1959,125,829,705,
-515,-559,1876,129,717,706,
-538,-630,1841,148,560,812,
-522,-687,1852,223,454,1002,
-482,-685,1922,325,474,1403,
-526,-679,1902,450,480,1766,
-572,-517,1877,626,408,1901,
-539,-402,1916,807,362,1922,
-543,-256,2024,872,281,1934,
-526,-256,2049,871,200,2038,
-585,-272,2001,856,93,2202,
-602,-252,1923,888,125,2483,
-659,-206,1863,928,153,2715,
-702,-202,1805,997,183,2975,
-754,-183,1699,1209,176,3190,
-763,-294,1553,1608,85,3476,
-717,-286,1605,2041,-37,3871,
-611,-20,1780,2302,-36,4249,
-556,391,1910,2368,-31,4228,
-525,757,2015,2263,-44,3860,
-528,923,1957,2074,-150,3361,
-539,863,1859,1982,-272,3094,
-526,869,1778,1663,-245,2962,
-519,719,1584,1736,-279,2913,
-518,716,1577,1877,-393,2805,
-444,814,1678,1946,-459,2702,
-356,1028,1806,1751,-477,2621,
-204,1073,1951,1506,-322,2634,
-180,1216,1995,1128,-188,2559,
-144,1273,1974,765,-123,2620,
-182,1316,1911,489,-160,2342,
-181,1135,1820,479,-316,1936,
-202,1012,1798,529,-568,1419,
-77,754,1850,763,-671,1427,
2,831,2047,885,-692,1476,
80,1021,2168,924,-537,1302,
74,1139,2184,904,-438,1116,
1,1383,2032,754,-343,732,
57,1467,1892,634,-210,474,
29,1755,1899,278,-197,94,
73,1834,1826,-122,-179,-329,
49,1889,1688,-554,-333,-985,
162,1620,1703,-726,-503,-1550,
303,1271,1867,-825,-562,-1744,
412,973,2072,-761,-558,-1759,
492,842,2275,-598,-445,-1720,
515,837,2407,-494,-305,-1780,
473,807,2319,-556,-246,-1817,
356,802,2061,-645,-395,-1775,
342,786,1886,-688,-532,-1720,
350,699,1792,-568,-621,-1729,
373,671,1788,-557,-741,-1879,
376,572,1690,-606,-860,-2094,
428,467,1659,-604,-908,-2058,
513,400,1809,-653,-899,-2023,
583,350,2012,-728,-858,-1933,
651,319,2095,-670,-784,-1888,
620,358,2087,-640,-827,-2120,
635,343,2071,-611,-903,-2272,
668,284,2060,-696,-950,-2305,
692,304,2107,-871,-955,-2262,
760,314,2129,-979,-794,-2190,
673,378,2132,-1180,-583,-2230,
506,403,1830,-1226,-642,-2390,
508,348,1743,-1170,-649,-2494,
503,341,1793,-1114,-592,-2632,
537,252,1881,-956,-557,-2621,
561,252,1962,-888,-503,-2618,
563,262,2030,-887,-514,-2759,
642,160,2185,-947,-387,-2722,
663,-23,2238,-1057,-278,-2594,
614,-179,2262,-1125,-139,-2413,
512,-186,2156,-1158,-101,-2286,
429,-247,2095,-1161,-97,-2159,
358,-174,2077,-1234,-71,-2087,
303,-181,2025,-1268,-52,-2028,
269,-304,2017,-1237,-52,-1914,
243,-296,2000,-1103,-56,-1868,
190,-308,1975,-1010,-167,-1959,
254,-452,2060,-878,-186,-1914,
321,-596,2251,-787,-48,-1723,
316,-638,2360,-836,35,-1515,
322,-645,2317,-979,103,-1293,
316,-642,2270,-1079,192,-1067,
278,-560,2223,-908,285,-834,
241,-455,2157,-769,308,-757,
196,-457,2143,-620,334,-671,
123,-333,2156,-573,359,-656,
118,-380,2202,-581,391,-602,
95,-480,2261,-547,392,-533,
50,-540,2269,-478,414,-390,
-22,-567,2183,-479,372,-221,
-87,-557,2126,-290,367,-16,
-172,-402,2049,-136,332,85,
-209,-410,2037,-49,308,199,
-202,-457,2053,63,400,428,
-236,-411,2037,163,442,565,
-276,-369,2002,206,412,610,
-290,-360,1991,197,370,683,
-296,-413,2014,174,370,885,
-305,-385,2040,145,386,1146,
-345,-319,2004,84,353,1340,
-385,-266,1999,-50,317,1488,
-411,-319,1933,-97,236,1611,
-425,-359,1936,-153,121,1679,
-405,-425,1964,-108,102,1852,
-414,-400,1912,93,146,2009,
-400,-377,1874,266,145,2137,
-388,-424,1858,363,73,2301,
-347,-418,1938,582,150,2698,
-343,-206,1949,687,234,2975,
-400,-31,1950,750,167,3059,
-419,133,1950,749,136,3120,
-411,220,1941,750,167,3148,
-434,221,1898,836,162,3118,
-463,192,1885,938,101,3072,
-442,196,1847,1103,150,3068,
-413,165,1857,1367,225,3218,
-412,248,1786,1524,219,3239,
-437,394,1708,1672,64,3225,
-409,632,1833,1618,-44,3075,
-356,687,1916,1492,-95,2870,
-345,671,1839,1385,-160,2764,
-301,663,1757,1391,-144,2755,
-303,776,1769,1415,-113,2724,
-233,851,1767,1508,23,2838,
-202,1118,1858,1499,102,2669,
-180,1194,1911,1340,78,2217,
-144,1115,1906,1185,15,1897,
-115,924,1856,949,-193,1758,
-39,834,1912,847,-282,1726,
37,915,2100,678,-332,1596,
95,867,2175,604,-312,1440,
105,865,2220,662,-287,1345,
128,930,2185,782,-216,1285,
93,1169,2127,880,-169,969,
76,1261,2037,938,-187,652,
118,1332,2002,1050,-34,480,
92,1467,1918,1074,63,159,
121,1601,1901,807,138,-146,
162,1744,1905,257,218,-418,
221,1632,1853,-288,336,-700,
281,1507,1857,-863,299,-866,
289,1458,1831,-1410,206,-1089,
290,1456,1743,-1889,43,-1523,
393,1212,1801,-1915,-110,-1842,
506,950,2025,-1723,-184,-2105,
535,775,2095,-1354,-258,-2359,
570,725,2199,-902,-253,-2593,
601,642,2227,-614,-312,-2843,
681,440,2295,-669,-360,-2862,
718,197,2243,-719,-353,-2653,
673,101,2134,-729,-420,-2470,
625,127,2014,-601,-548,-2349,
557,333,1888,-572,-704,-2400,
583,397,1789,-785,-799,-2386,
612,295,1742,-805,-837,-2254,
643,450,1867,-925,-807,-2370,
681,561,1923,-1035,-772,-2726,
717,453,1997,-1004,-798,-3228,
784,193,2050,-989,-773,-3425,
851,121,2100,-994,-632,-3256,
808,268,2120,-1317,-541,-3164,
829,223,2067,-1472,-407,-3084,
785,224,2029,-1520,-368,-3180,
763,136,2068,-1633,-268,-3233,
782,-79,2092,-1611,-128,-3008,
661,-101,2051,-1670,-103,-2982,
619,-192,1976,-1675,4,-2818,
525,-161,1997,-1810,53,-2678,
490,-148,1997,-1898,196,-2612,
448,-187,2012,-1919,339,-2534,
434,-286,2038,-1876,513,-2349,
353,-346,1914,-1613,507,-2363,
320,-404,1938,-1459,536,-2290,
334,-517,1946,-1210,654,-2090,
284,-470,1951,-1112,718,-2039,
237,-475,1987,-1082,606,-2100,
294,-627,2024,-1119,546,-1936,
253,-691,2058,-1273,462,-1712,
257,-591,2183,-1538,469,-1568,
243,-597,2187,-1766,442,-1488,
275,-714,2215,-1859,545,-1355,
271,-820,2266,-1780,704,-1197,
249,-926,2220,-1418,866,-956,
138,-839,2204,-1067,945,-836,
104,-773,2237,-927,1015,-803,
41,-825,2267,-989,996,-731,
44,-972,2297,-1050,1114,-316,
-46,-1037,2127,-866,1270,140,
-207,-1039,1944,-718,1259,400,
-223,-1075,1913,-501,1275,663,
-155,-1092,2029,-400,1420,922,
-102,-1074,2110,-190,1645,1232,
-148,-1028,2074,79,1812,1357,
-256,-1028,1936,478,1914,1482,
-334,-909,1897,712,1944,1678,
-411,-755,1888,776,1874,1809,
-508,-660,1890,869,1610,2077,
-536,-656,1778,964,1427,2394,
-587,-561,1746,946,1253,2527,
-599,-496,1713,1146,1154,2615,
-632,-439,1733,1346,1032,2620,
-669,-437,1719,1606,958,2671,
-734,-454,1706,1891,838,2718,
-711,-432,1803,2156,870,3020,
-731,-253,1853,2297,894,3239,
-784,-135,1801,2340,796,3354,
-821,-66,1757,2329,668,3557,
-868,-15,1697,2365,543,3742,
-963,98,1578,2506,274,3802,
-962,133,1590,2636,13,3877,
-937,230,1581,2905,-183,3901,
-888,416,1614,3094,-417,3792,
-784,645,1796,3142,-567,3592,
-679,898,1975,2850,-658,3288,
-612,1005,1985,2191,-712,3023,
-632,889,1877,1611,-717,2992,
-589,801,1822,1110,-652,3158,
-595,856,1751,718,-578,3233,
-630,838,1643,542,-618,3294,
-544,898,1626,568,-605,3288,
-507,967,1657,641,-548,3138,
-485,1115,1706,702,-470,2998,
-435,1224,1780,763,-431,2619,
-403,1258,1824,794,-497,2071,
-329,1218,1937,849,-546,1641,
-236,1046,1995,945,-537,1439,
-178,903,2136,985,-530,1461,
-129,883,2218,1007,-438,1565,
-196,904,2123,986,-438,1481,
-205,893,1947,1051,-506,1420,
-269,1147,1781,989,-678,1179,
-282,1404,1672,793,-908,660,
-175,1532,1751,446,-1020,288,
-74,1591,1832,55,-876,13,
-127,1859,1752,-526,-798,-456,
-77,1771,1609,-941,-783,-774,
5,1603,1724,-1191,-817,-1021,
169,1262,1963,-1133,-758,-1126,
297,948,2194,-816,-665,-1161,
311,777,2350,-517,-673,-1327,
388,599,2357,-255,-636,-1217,
320,718,2201,-189,-685,-1252,
246,792,1952,-188,-824,-1324,
220,945,1831,-331,-927,-1524,
261,932,1767,-459,-957,-1709,
283,964,1730,-780,-925,-1795,
291,1128,1664,-1252,-799,-1836,
327,1131,1582,-1577,-690,-1960,
422,999,1696,-1669,-645,-2229,
500,707,1858,-1507,-723,-2615,
664,439,2122,-1247,-738,-2612,
694,369,2230,-963,-771,-2622,
692,447,2337,-914,-831,-2763,
727,318,2390,-957,-781,-2632,
716,227,2357,-1068,-651,-2287,
625,364,2216,-1260,-558,-2067,
467,559,1923,-1554,-675,-2168,
436,568,1697,-1646,-683,-2295,
452,536,1670,-1687,-582,-2313,
439,669,1707,-1788,-516,-2445,
421,771,1720,-1911,-583,-2841,
526,490,1839,-1913,-643,-3181,
576,52,2018,-1734,-700,-3287,
690,-255,2185,-1542,-657,-3171,
765,-381,2260,-1358,-421,-2896,
678,-337,2271,-1168,-145,-2660,
620,-256,2141,-1039,57,-2445,
508,-128,2052,-1017,113,-2401,
412,-166,1940,-1016,30,-2394,
331,-88,1955,-1066,-62,-2405,
328,-88,1964,-1091,-99,-2481,
328,-188,1978,-1040,-78,-2444,
340,-351,2036,-1058,-69,-2361,
347,-466,2085,-1072,-24,-2158,
353,-507,2145,-1052,79,-1926,
342,-503,2239,-1020,192,-1668,
382,-310,2283,-1064,313,-1458,
334,-124,2196,-1112,358,-1421,
264,-80,2131,-1247,362,-1534,
257,-350,2077,-1139,472,-1314,
117,-406,2000,-1087,461,-1208,
73,-512,1933,-1116,467,-1115,
27,-596,1992,-1199,507,-1002,
-11,-717,1979,-1137,492,-926,
17,-838,2061,-956,572,-708,
43,-815,2168,-628,757,-450,
41,-653,2241,-508,869,-332,
-9,-630,2210,-386,907,-222,
-119,-518,2079,-252,835,-290,
-179,-539,2013,-187,683,-354,
-187,-598,2070,-61,612,-207,
-177,-557,2098,-31,626,-22,
-233,-488,2134,-223,533,53,
-196,-612,2172,-362,512,318,
-174,-733,2159,-370,526,562,
-153,-739,2234,-332,633,953,
-195,-566,2228,-336,731,1193,
-273,-412,2131,-225,759,1245,
-308,-412,2086,9,729,1213,
-316,-503,2099,288,772,1277,
-376,-513,2022,461,748,1359,
-470,-526,1877,343,490,1428,
-401,-667,1921,137,433,1710,
-432,-726,1910,-39,412,2009,
-476,-709,1817,-90,391,2291,
-457,-776,1813,116,477,2646,
-499,-778,1823,299,519,2904,
-508,-713,1771,572,510,3229,
-540,-537,1771,724,389,3404,
-516,-423,1832,840,297,3519,
-488,-329,1868,974,245,3652,
-478,-170,1889,1085,216,3748,
-459,-69,1859,1293,278,3859,
-503,45,1804,1466,395,3854,
-524,43,1676,1797,557,3866,
-598,161,1614,2117,583,3829,
-651,293,1570,2271,546,3704,
-712,443,1530,2224,348,3454,
-714,449,1533,2077,118,3335,
-601,425,1624,2117,111,3403,
-575,509,1695,2286,110,3354,
-564,569,1690,2498,-1,3319,
-501,828,1819,2646,19,3390,
-418,1126,1906,2654,117,3406,
-474,1493,1922,2345,90,3023,
-402,1537,1923,1882,71,2686,
-447,1621,1903,1151,-95,2208,
-427,1567,1840,593,-243,1900,
-403,1462,1886,203,-428,1484,
-277,1217,2065,-13,-470,1191,
-291,1140,2164,-90,-521,702,
-141,830,2207,192,-335,743,
-161,901,2257,400,-190,804,
-199,1068,2228,601,-113,794,
-175,1187,2160,752,-57,566,
-238,1333,2055,752,-116,80,
-191,1297,1899,770,-125,-110,
-243,1332,1781,599,-309,-493,
-148,1278,1770,339,-339,-761,
-111,1393,1791,-208,-382,-847,
-52,1419,1716,-781,-495,-975,
11,1270,1730,-1030,-603,-1286,
138,913,1954,-1094,-709,-1506,
254,630,2141,-977,-667,-1429,
255,641,2144,-864,-699,-1394,
232,798,2190,-830,-812,-1650,
330,738,2179,-707,-742,-1729,
327,777,2132,-680,-672,-1817,
279,843,2006,-797,-740,-2023,
280,812,1850,-901,-791,-2173,
289,839,1674,-914,-889,-2342,
294,865,1706,-1040,-1124,-2609,
431,724,1943,-1164,-1202,-2733,
587,541,2164,-1287,-1093,-2622,
658,457,2345,-1451,-975,-2526,
673,392,2355,-1432,-799,-2398,
608,400,2185,-1289,-694,-2367,
587,378,2120,-1183,-646,-2315,
533,425,1995,-1081,-635,-2337,
512,559,1874,-1144,-629,-2488,
500,488,1797,-1196,-739,-2676,
602,355,1936,-1388,-735,-2696,
618,211,1957,-1560,-667,-2669,
669,117,1994,-1615,-572,-2704,
736,-3,2126,-1584,-466,-2689,
795,-95,2280,-1486,-241,-2548,
723,-107,2156,-1292,-109,-2552,
590,-35,2064,-1192,-46,-2615,
549,-106,2049,-1126,60,-2551,
429,-130,1974,-1155,97,-2604,
350,-253,1832,-1142,19,-2650,
274,-343,1779,-1165,-107,-2662,
304,-471,1818,-1059,-46,-2450,
280,-414,1922,-1020,4,-2288,
254,-338,1955,-1032,13,-2246,
254,-324,1960,-985,99,-2265,
229,-357,2034,-962,111,-2273,
288,-421,2112,-895,198,-2164,
270,-399,2154,-821,182,-2103,
228,-373,2133,-750,178,-2077,
202,-389,2128,-720,158,-2032,
188,-513,2075,-721,134,-1835,
111,-624,2041,-777,109,-1663,
72,-815,1994,-678,75,-1505,
54,-928,2041,-579,71,-1299,
71,-1013,2081,-553,139,-973,
68,-940,2106,-500,265,-690,
97,-883,2194,-506,389,-456,
183,-867,2324,-471,677,-93,
137,-734,2306,-399,840,88,
56,-651,2214,-319,853,174,
7,-671,2232,-351,846,349,
-28,-644,2263,-523,979,633,
-138,-638,2129,-669,1006,787,
-196,-735,2068,-703,1003,958,
-176,-833,2114,-551,1126,1241,
-275,-898,1991,-268,1157,1412,
-317,-915,1986,19,1146,1607,
-313,-824,2100,308,1240,1811,
-364,-761,2082,552,1284,1965,
-380,-757,2063,774,1375,2227,
-480,-702,1949,867,1295,2318,
-497,-688,1888,771,1196,2505,
-610,-603,1740,780,1015,2627,
-641,-588,1697,709,802,2670,
-626,-578,1757,802,714,2840,
-631,-558,1717,1045,626,3021,
-651,-470,1693,1447,533,3298,
-639,-301,1767,1769,501,3462,
-611,-104,1841,1805,517,3523,
-635,49,1785,1832,422,3402,
-670,57,1728,1785,174,3241,
-673,15,1732,1693,2,3229,
