463,-535,1837,186,-1756,-239,
593,-288,1979,468,-962,-1164,
500,-151,1784,918,-1438,-1299,
384,75,1910,-146,-1518,-114,
62,-203,1733,-239,-1955,-359,
-6,-100,1746,-737,-2747,-369,
210,-51,1774,-1414,-3197,-387,
405,-138,1808,-1714,-3594,-38,
658,-196,1796,-1891,-3720,-123,
1024,-221,1866,-2349,-3401,147,
1204,-587,1783,-2040,-2961,560,
1215,-636,1737,-1259,-2537,716,
1181,-562,1689,-591,-2149,249,
1286,-510,1703,-186,-1685,275,
1082,-200,1681,-709,-1642,307,
936,-270,1678,-1698,-2041,-338,
1347,-1125,1567,-1074,-2110,-593,
1784,-1165,1658,-444,-1811,-42,
1903,-1001,1844,-683,-1438,-148,
2225,-1287,1821,-580,-821,30,
2377,-1603,1821,141,2,369,
2342,-1623,1785,933,833,725,
2131,-1331,1738,1344,1461,1109,
1781,-942,1674,1191,1753,1206,
1450,-768,1588,1169,1678,990,
1316,-510,1636,763,1407,799,
1305,-388,1673,140,1190,623,
1356,-626,1601,20,998,459,
1514,-1004,1652,290,1084,334,
1786,-1328,1654,739,1647,702,
1863,-1596,1631,1635,2497,1101,
1845,-1691,1521,2848,3550,1398,
1714,-1672,1365,4456,4940,1531,
1317,-1086,1275,5442,5903,1759,
677,-329,1351,5175,6136,925,
344,86,1400,4130,5702,211,
281,-20,1382,3639,5025,179,
289,-70,1419,3601,4329,-100,
482,-20,1597,3002,4122,-2,
720,-303,1541,3266,4777,-13,
628,-368,1459,4244,5531,7,
268,55,1538,4296,5872,-236,
-55,311,1533,3825,5656,-167,
60,223,1519,3806,6109,-766,
7,287,1487,3967,5923,-72,
-116,538,1569,3581,5844,-486,
98,428,1493,3914,6231,-886,
146,702,1584,3755,6712,-358,
-187,864,1558,3509,6813,-309,
-438,788,1577,3346,6722,-967,
-495,665,1544,3480,6463,-698,
-696,687,1568,3470,6017,-24,
-961,671,1559,3347,5664,-290,
-1004,609,1518,3330,5417,23,
-1041,621,1518,3286,5363,240,
-1233,644,1516,3340,5065,465,
-1359,882,1584,3115,4626,591,
-1393,939,1577,2852,4292,707,
-1512,954,1588,2749,3942,918,
-1614,1072,1604,2352,3629,775,
-1762,942,1610,2112,3286,755,
-1951,932,1541,2035,2544,1034,
-1827,1089,1532,2046,2198,517,
-1583,1196,1573,2037,2407,700,
-1737,1391,1625,1672,2306,830,
-1819,1587,1623,1041,2021,420,
-1671,1659,1679,404,1973,179,
-1648,1733,1639,-379,1890,108,
-1679,1770,1584,-923,1517,-212,
-1618,1566,1479,-879,1100,-390,
-1638,1392,1611,-627,570,-428,
-1734,1251,1757,-200,-62,-458,
-2026,1269,1767,-428,-1222,493,
-1359,1511,1756,-1222,-320,-656,
-2039,1195,1720,-2426,-1776,-1132,
-1598,524,1338,-865,-2699,-750,
-1361,1271,1705,-1781,-2792,-41,
-1640,1004,1403,-1638,-3173,-1039,
-1352,1247,1627,-2643,-3306,-865,
-1369,852,1350,-2246,-3295,-1250,
-1152,1138,1518,-2672,-2990,-995,
-1208,998,1488,-2967,-2754,-1494,
-1201,947,1591,-3638,-2979,-1525,
-1197,709,1582,-3871,-3377,-1502,
-1075,446,1586,-3782,-3655,-1436,
-1112,209,1580,-3328,-4282,-1125,
-1384,-224,1184,-2250,-5406,-688,
-258,-537,1180,-29,-4036,13,
-69,555,1823,-387,-2228,1066,
-2054,1915,2353,-5079,-4849,54,
-1448,380,1329,-4278,-6307,-3364,
379,467,1642,-3980,-5234,-463,
-105,238,1333,-3260,-4113,282,
-385,377,1684,-2954,-3672,-224,
-445,244,1687,-2932,-4030,199,
-706,381,1833,-3497,-4875,-838,
-552,-2,1671,-3878,-5520,-2265,
-77,-900,1503,-2509,-5718,-1596,
-47,-816,1575,-1502,-5824,-168,
-129,-356,1614,-1329,-5785,-271,
-17,4,1549,-1420,-5787,-211,
19,427,1822,-2212,-5730,-83,
222,409,1616,-2250,-5272,-641,
113,637,1792,-2886,-5545,-5,
199,518,1766,-3408,-5411,-1131,
632,27,1669,-3011,-4949,-450,
720,-102,1732,-2605,-4248,-469,
810,-330,1747,-2228,-3616,-692,
734,-692,1748,-1453,-3421,-360,
742,-847,1593,-627,-3160,-281,
662,-808,1610,-14,-3132,59,
580,-425,1744,-103,-3311,-32,
687,-57,1792,-756,-3391,-60,
738,153,1663,-1418,-3331,-123,
664,-56,1584,-1595,-3432,-109,
817,24,1648,-1977,-3386,80,
833,-13,1591,-2416,-3458,157,
996,-84,1741,-2983,-3480,-191,
1048,-583,1701,-3007,-3555,-494,
1423,-1042,1533,-1983,-3141,-303,
1331,-785,1736,-1480,-3026,-295,
1214,-655,1741,-1746,-3210,-904,
1519,-820,1609,-1269,-3091,-640,
1485,-576,1775,-1520,-3022,-631,
1598,-560,1641,-1601,-2867,-511,
1537,-475,1708,-1999,-2915,-473,
1716,-616,1718,-2415,-2863,-572,
1924,-1084,1723,-2293,-2584,-641,
2421,-1548,1730,-1302,-1547,-487,
2500,-1835,1595,321,-334,-14,
2177,-1532,1749,745,205,-81,
2071,-1600,1662,848,381,-273,
2092,-1757,1615,1211,656,62,
1968,-1730,1599,1607,914,382,
1837,-1510,1604,1768,1062,746,
1751,-1087,1629,1483,1147,898,
1734,-983,1595,1383,1329,1022,
1676,-939,1544,1725,1645,1166,
1593,-927,1535,2090,2037,1050,
1593,-987,1440,2937,2551,1227,
1360,-594,1467,3297,2784,1227,
1140,-315,1526,2878,2726,683,
1119,-488,1445,2677,2514,410,
1273,-852,1373,3492,2469,639,
1369,-542,1552,3648,2879,974,
1232,-445,1495,3557,3201,959,
1260,-483,1489,3756,3615,1161,
1149,-482,1410,4187,4031,1469,
1032,-352,1451,4561,4490,1530,
791,-335,1349,4872,4646,1507,
616,-175,1403,5103,4522,1360,
623,14,1458,4914,4589,1175,
526,6,1413,5114,4561,1139,
531,247,1475,5141,4659,783,
487,422,1571,4655,4751,527,
342,262,1472,4725,4765,434,
347,460,1519,4782,5066,384,
249,423,1512,4598,5098,650,
104,291,1455,4883,5244,-401,
286,281,1453,4992,5598,-341,
192,233,1477,5199,5579,742,
-26,308,1423,5799,5208,853,
-124,788,1547,5402,4653,1038,
-160,980,1581,4526,4386,708,
-127,840,1509,4236,4296,476,
-112,795,1413,4492,4470,689,
-294,985,1419,4558,4510,771,
-610,1064,1494,4129,4093,691,
-789,1028,1517,3890,3539,294,
-733,689,1426,4278,3295,218,
-646,673,1338,4798,3097,878,
-807,861,1446,4702,2881,905,
-878,835,1361,4860,2485,784,
-813,1185,1401,4714,2181,979,
-731,1422,1464,4295,2504,954,
-904,1474,1417,4002,2575,1108,
-1054,1524,1389,3747,2423,1054,
-1121,1534,1311,3718,2431,550,
-1097,1467,1221,4010,2356,376,
-996,1688,1332,4055,2176,1347,
-1114,2124,1362,3447,1963,1422,
-1242,2164,1289,3149,1680,434,
-1110,2102,1346,3318,1373,610,
-1272,2561,1564,3115,497,1904,
-1444,3457,1730,1450,-415,867,
-1196,3745,1752,-887,-859,-755,
-858,3023,1267,-1231,-932,-739,
-641,2480,1118,19,-658,79,
-796,2856,1422,-256,-733,611,
-1041,3257,1563,-2031,-1178,-357,
-797,2816,1409,-2864,-907,-2060,
-589,2245,1382,-2839,-916,-1087,
-736,2290,1455,-3278,-1255,-240,
-1005,2421,1493,-4463,-1649,-1504,
-958,2138,1336,-5199,-2288,-2413,
-690,1808,1166,-5037,-2601,-2281,
-542,1924,1159,-4956,-2221,-2660,
-636,2153,1243,-5325,-2194,-3122,
-600,2287,1305,-6256,-2403,-3249,
-545,2255,1351,-7415,-2560,-3694,
-545,1765,1211,-7856,-2946,-4130,
-407,1289,1216,-7935,-3456,-3374,
-658,781,1128,-7385,-4028,-3362,
-751,613,1093,-6775,-4856,-3440,
-543,469,1168,-6353,-5180,-3212,
-377,658,1229,-6559,-5095,-2368,
-361,829,1249,-6822,-4742,-1994,
-454,905,1261,-7148,-4862,-1549,
-406,1029,1277,-7869,-5019,-1921,
-208,540,1172,-7731,-5106,-2736,
-39,-212,1215,-6571,-5168,-3646,
294,-979,1153,-4667,-5037,-3173,
459,-1377,1239,-2634,-4616,-1597,
41,-1036,1413,-2034,-4951,420,
-194,-432,1453,-2707,-5660,710,
5,-164,1537,-4003,-5830,17,
856,-327,1540,-4068,-4660,1070,
393,-32,1395,-4153,-4289,2053,
-153,839,1595,-6443,-4976,1021,
197,480,1274,-7865,-5574,333,
1310,-1672,1286,-5062,-4626,394,
1327,-1673,1313,-3901,-4156,569,
1349,-1451,1474,-2864,-3407,783,
1127,-1437,1430,-2240,-3044,550,
1100,-1306,1497,-2159,-2800,624,
899,-942,1462,-2694,-2855,495,
742,-646,1447,-3647,-3230,169,
787,-455,1448,-4741,-3564,5,
902,-468,1394,-5565,-3714,-92,
1038,-665,1390,-5766,-3680,-202,
1354,-1018,1519,-5204,-3186,-191,
1721,-1520,1522,-3704,-2159,61,
1734,-1988,1518,-1829,-1120,306,
1480,-1797,1391,-887,-588,308,
1122,-1475,1337,-1268,-776,-284,
1108,-1486,1297,-1960,-1217,-689,
1240,-1586,1302,-2518,-1623,-775,
1429,-1579,1360,-3028,-1909,-590,
1615,-1768,1362,-3002,-2035,-282,
1747,-1916,1399,-2877,-1979,-93,
1852,-2032,1347,-2621,-1744,-184,
2015,-2225,1397,-2334,-1387,-144,
2185,-2612,1265,-1165,-844,89,
2347,-2615,1359,1,18,510,
2259,-2773,1173,1607,842,975,
2023,-2286,1217,2529,1299,1525,
1687,-1906,1200,2527,1368,1374,
1734,-2125,1080,3172,1631,1655,
1652,-2037,1083,4272,1919,2146,
1470,-1565,1144,4830,2146,2214,
1344,-1443,1196,5011,2296,1775,
1480,-1617,1092,5959,2695,1702,
1480,-1493,1085,6940,3287,1718,
1392,-1202,1083,7517,3834,1665,
1147,-1143,1073,7795,4079,1754,
881,-1049,1031,8011,4058,1689,
612,-753,1131,7536,3632,1470,
515,-689,1193,6950,3235,1222,
529,-757,1239,6604,3237,911,
542,-855,1217,6729,3331,1021,
443,-813,1221,7013,3302,1096,
399,-589,1219,7060,3193,1156,
376,-570,1240,7065,3052,1204,
494,-641,1122,7812,3248,1429,
439,-233,1175,8098,3639,1337,
426,161,1286,7792,4041,1055,
440,217,1146,7976,4253,416,
279,354,1197,8070,4193,28,
297,531,1157,8295,4264,-218,
198,787,1267,8037,4118,-441,
100,852,1321,7819,3668,-300,
202,1079,1530,6483,3073,1016,
169,793,1272,6438,3220,1329,
167,784,1293,6669,3637,1356,
-63,789,1295,6677,3645,1415,
-380,773,1236,6741,3348,154,
-168,781,1036,7644,3568,-1098,
-47,1196,1148,7836,3725,-1216,
-213,1611,1313,7174,3237,-1117,
-364,1770,1324,6284,2423,-1161,
-273,1825,1336,5547,1869,-1000,
-153,1731,1303,5178,2056,-649,
-234,1677,1242,5260,2455,-489,
-264,1880,1228,5027,2921,-118,
-400,1957,1157,4810,3281,124,
-654,2021,1090,4494,3101,-69,
-743,1885,1078,4481,2892,-372,
-631,1980,1131,4635,2569,731,
-729,2418,1159,4354,2206,1361,
-940,2593,1138,3778,1823,671,
-1024,2605,1289,3154,1484,-210,
-972,2627,1310,2720,1213,-339,
-921,2862,1267,2202,1143,-348,
-977,3100,1313,1416,1141,-620,
-1082,3182,1348,354,837,-744,
-1068,2964,1275,-420,441,-543,
-1030,2746,1150,-636,292,-542,
-1010,2701,1104,-856,226,-958,
-1115,2682,1164,-1241,-275,-1103,
-959,2674,1128,-1654,-492,-1065,
-870,2686,1211,-2214,-548,-589,
-904,2572,1281,-2691,-770,-98,
-924,2625,1411,-3660,-1165,57,
-912,2510,1298,-4590,-1662,199,
-765,2366,1280,-5442,-2003,559,
-778,2273,1266,-6428,-2398,916,
-651,2288,1259,-7316,-3071,2826,
-422,2423,1184,-8525,-2904,4060,
-619,1871,995,-8595,-2540,3224,
-854,1431,850,-7712,-2810,1571,
-723,1683,1072,-7505,-2936,-522,
-583,1789,1106,-7620,-3319,-2023,
-431,1904,1191,-8431,-3942,-2648,
5,1531,1055,-8365,-3607,-3164,
217,1494,1131,-8359,-3200,-2695,
239,1435,1225,-9090,-3139,-1515,
120,882,1120,-9412,-3108,-1000,
-33,-15,1002,-8051,-2826,-1344,
-84,-327,1067,-6640,-2784,-1376,
-46,-13,1230,-6511,-3078,-704,
-98,110,1281,-6916,-3168,-632,
-77,-29,1232,-6410,-2964,-991,
91,266,1309,-6147,-2800,-696,
-30,542,1356,-6719,-2943,-1312,
116,311,1282,-6954,-3029,-1740,
382,51,1277,-6470,-2815,-1801,
279,-208,1341,-6338,-2865,-2255,
343,-864,1228,-5858,-3009,-2221,
347,-1287,1292,-5722,-3028,-1998,
346,-1596,1271,-5284,-3152,-1470,
358,-1443,1340,-4850,-3225,-762,
421,-1181,1411,-4481,-3149,-265,
528,-694,1471,-4209,-2962,21,
566,-149,1603,-4533,-2801,-104,
747,-32,1580,-4697,-2542,-76,
676,-57,1530,-4656,-2533,-279,
809,-277,1502,-4498,-2124,-265,
721,-963,1328,-4129,-1970,-814,
552,-1257,1166,-3715,-2403,-545,
664,-1310,1349,-3887,-2323,-1100,
474,-1304,1220,-4134,-2925,-1252,
194,-1180,1283,-4931,-3944,-1765,
1289,-1468,1240,-4738,-3215,-1105,
1149,-1233,1444,-4797,-2865,-1113,
1312,-1391,1357,-4734,-2478,-1186,
1571,-1683,1459,-3970,-1630,-1139,
1667,-1915,1642,-2925,-914,-1010,
1770,-2073,1514,-2147,-491,-760,
1774,-2311,1470,-1786,-248,-556,
1535,-2648,1235,-1259,-627,-66,
1576,-2723,1467,-1174,-708,14,
1732,-3292,1343,72,-523,896,
1953,-3090,1525,770,167,1935,
1643,-2999,1535,1277,421,2268,
1613,-2807,1636,1798,502,2744,
1507,-2215,1660,1559,460,2620,
1543,-1836,1669,1313,534,2374,
1504,-1651,1626,1387,617,2127,
1371,-1482,1505,1450,580,1666,
1266,-1545,1370,2001,307,1299,
1245,-1717,1203,3418,-123,1297,
1385,-1758,1123,5357,-317,2081,
1244,-1586,1451,5020,740,2047,
1088,-1632,1266,5031,1526,2096,
530,-1829,1220,4640,1033,2154,
682,-1796,1051,5048,986,2710,
358,-1324,1260,4660,623,2438,
401,-1288,1054,5063,462,2169,
514,-1162,1126,5670,1032,1309,
295,-1011,1086,6229,914,67,
53,-979,1012,7198,78,-1362,
818,-368,1105,7484,750,-1999,
1188,-157,1132,6786,1534,-1760,
2232,-724,1479,5520,4059,-108,
1850,-911,1576,7086,5341,7017,
237,-443,948,8714,6996,5131,
-1197,506,1535,6847,3671,578,
-181,441,1428,5182,1335,1570,
-221,514,1267,5400,782,549,
-158,931,1477,5732,324,-980,
945,1671,1765,4374,522,2665,
1081,1130,1836,3431,1168,5761,
213,508,1715,2287,1131,3740,
326,-224,1637,2782,1873,1881,
202,-186,1611,3317,2302,1474,
57,146,1548,2330,1535,1371,
35,428,1574,1274,710,1141,
189,815,1646,1082,823,850,
171,1202,1771,634,1037,306,
21,1271,1822,196,725,-621,
-16,921,1788,172,338,-1459,
177,509,1892,393,323,-1593,
287,241,1926,155,333,-1165,
230,159,1823,-260,370,-938,
195,-26,1664,-287,348,-163,
37,147,1656,-548,194,297,
-36,361,1734,-553,217,414,
-85,476,1866,-124,335,500,
-125,740,2070,165,503,320,
-210,912,2121,565,453,-103,
-180,760,2184,1050,393,-377,
-92,689,2407,1198,615,-245,
-27,866,2445,791,848,-192,
-134,839,2250,315,889,-183,
-208,787,2095,-56,550,48,
-231,667,2060,-228,80,295,
-159,669,2152,-32,-97,507,
-67,870,2422,382,-93,666,
-1,1338,2797,671,-55,390,
-1,1516,3165,662,-35,-34,
74,1504,3166,1243,234,-286,
220,1312,3064,1614,804,-248,
224,1421,2856,1511,1239,-494,
121,1311,2560,1493,1413,-705,
58,1321,2460,1395,1446,-890,
45,1339,2449,1105,1516,-1186,
31,1294,2374,988,1581,-1462,
10,1281,2463,814,1479,-1555,
-77,1263,2326,895,1423,-1686,
-52,1122,2241,1253,1511,-1728,
-36,1012,2147,1481,1544,-1631,
-151,1119,1875,1145,1314,-2031,
-241,889,1710,365,847,-2126,
-317,658,1610,-409,336,-1741,
-242,622,1687,-1189,110,-1152,
-214,761,1746,-1804,31,-903,
-227,872,1708,-2135,-97,-1092,
-351,701,1696,-2275,-625,-1598,
-334,482,1781,-2089,-1315,-1921,
-30,204,1805,-1093,-1170,-1651,
-28,240,1717,-178,-837,-1415,
-143,349,1615,-137,-847,-1510,
-166,308,1640,-579,-973,-1441,
-100,378,1717,-1253,-1012,-1262,
-94,476,1730,-1973,-1116,-1106,
15,422,1679,-2123,-1024,-977,
126,457,1739,-1833,-762,-1006,
141,407,1690,-1171,-428,-1093,
-5,355,1560,-855,-457,-1427,
-64,210,1613,-1000,-676,-1697,
-42,117,1631,-1336,-900,-1710,
27,48,1684,-1714,-987,-1532,
90,74,1784,-2213,-1082,-1093,
108,31,1745,-2525,-972,-700,
42,97,1717,-2811,-948,-565,
36,-48,1642,-2495,-947,-487,
42,-85,1682,-2287,-925,-499,
33,-16,1685,-2205,-997,-650,
-5,35,1639,-2247,-1171,-967,
99,-74,1681,-2432,-1329,-1214,
220,-214,1766,-2548,-1422,-1163,
316,-317,1759,-2313,-1427,-975,
363,-277,1839,-2184,-1377,-804,
364,-157,1775,-2307,-1411,-757,
370,-223,1764,-2461,-1453,-862,
400,-484,1801,-2516,-1409,-940,
434,-681,1773,-2388,-1369,-983,
457,-827,1822,-2179,-1272,-963,
509,-949,1940,-2105,-1178,-871,
566,-1018,2036,-2119,-1063,-724,
617,-1088,2166,-2114,-923,-565,
689,-1181,2214,-1954,-762,-360,
768,-1236,2192,-1726,-601,-175,
767,-1222,2239,-1494,-449,-95,
803,-1282,2260,-1241,-287,-137,
806,-1362,2269,-1036,-235,-276,
884,-1596,2400,-870,-178,-283,
975,-1757,2536,-691,-67,-92,
987,-1774,2592,-539,74,175,
962,-1863,2575,-313,242,499,
904,-1844,2522,-109,348,924,
802,-1695,2359,94,383,1268,
703,-1515,2225,385,371,1482,
628,-1292,2048,796,329,1460,
583,-1179,2019,1256,264,1435,
586,-1115,2002,1523,183,1500,
577,-1022,1916,1875,98,1669,
513,-858,1805,2211,98,1692,
476,-719,1806,2257,105,1550,
496,-699,1807,2330,113,1528,
497,-710,1753,2467,125,1570,
427,-668,1734,2579,144,1591,
449,-706,1731,2818,202,1709,
444,-540,1685,3049,279,1799,
423,-430,1651,3201,286,1736,
435,-406,1630,3415,356,1729,
449,-237,1622,3472,399,1782,
435,-86,1598,3471,473,1729,
404,-12,1625,3334,583,1632,
373,62,1617,3140,672,1525,
351,150,1626,2939,703,1505,
313,288,1648,2763,713,1371,
267,339,1655,2749,687,1195,
290,243,1654,2907,754,1064,
282,288,1664,2901,800,941,
243,237,1694,2783,728,906,
232,255,1683,2633,687,961,
223,317,1729,2404,676,964,
289,267,1738,2277,829,1259,
109,349,1719,1962,756,1308,
38,340,1638,1923,764,1246,
30,403,1627,1904,763,1190,
-22,517,1657,1631,643,1157,
-71,698,1647,1304,429,932,
-51,604,1701,1216,308,737,
17,591,1807,800,215,792,
60,509,1825,474,156,955,
95,578,1842,451,281,960,
76,691,1816,149,199,867,
25,764,1763,-299,-81,678,
-48,867,1759,-1031,-532,475,
-42,763,1771,-1447,-770,506,
-14,876,1900,-1611,-658,486,
5,882,2022,-1705,-412,553,
-4,1041,2053,-2061,-419,573,
-109,1063,1981,-2810,-900,469,
-104,804,1935,-2771,-1223,564,
-23,827,2118,-2400,-1139,712,
29,851,2430,-1852,-842,741,
5,829,2759,-529,75,482,
3,829,2741,-221,254,376,
-1,764,2667,257,457,380,
37,878,2714,654,708,465,
60,1075,2719,861,929,424,
56,1152,2676,662,957,218,
93,1065,2591,604,990,201,
129,1190,2613,409,1071,-15,
149,1141,2616,197,1131,-221,
137,983,2604,199,1103,-286,
106,945,2521,333,1046,-425,
77,924,2520,556,999,-607,
51,892,2418,680,838,-832,
26,718,2257,870,775,-936,
1,703,2141,1122,752,-935,
-32,872,2093,1047,578,-1132,
-8,808,2053,928,521,-1153,
-9,882,1960,797,493,-1042,
-59,1030,1851,459,299,-1108,
-28,1078,1924,111,127,-1386,
50,1080,1941,-123,87,-1590,
47,868,1831,-198,-39,-1764,
-29,691,1664,-215,-260,-1986,
-68,442,1594,-286,-475,-2044,
-55,276,1635,-485,-610,-1890,
-26,162,1650,-706,-574,-1550,
-32,236,1656,-835,-533,-1115,
-98,395,1598,-1106,-574,-897,
-52,480,1611,-1393,-632,-872,
67,674,1684,-1324,-521,-975,
127,779,1698,-1120,-382,-1301,
123,572,1601,-825,-328,-1491,
142,313,1573,-841,-346,-1549,
81,-35,1564,-917,-474,-1406,
75,-158,1594,-1179,-588,-1180,
68,-276,1653,-1562,-774,-809,
102,-211,1700,-1733,-794,-469,
77,-85,1690,-1861,-769,-309,
61,5,1622,-1589,-751,-421,
75,103,1593,-1287,-806,-644,
170,174,1628,-1166,-823,-815,
306,175,1670,-1264,-864,-881,
358,19,1703,-1428,-861,-800,
397,-34,1767,-1796,-820,-714,
358,-85,1715,-2041,-763,-768,
342,-224,1686,-2004,-707,-849,
367,-377,1768,-1853,-655,-826,
343,-418,1817,-1766,-619,-795,
302,-400,1774,-1693,-618,-768,
360,-337,1819,-1612,-686,-767,
461,-399,1912,-1586,-738,-809,
574,-571,1961,-1592,-789,-865,
642,-719,2051,-1599,-750,-856,
687,-925,2113,-1533,-562,-882,
734,-1128,2299,-1664,-373,-862,
780,-1267,2492,-1755,-213,-729,
794,-1398,2564,-1565,-80,-487,
762,-1486,2621,-1261,43,-259,
724,-1510,2623,-927,154,-96,
690,-1562,2611,-699,274,90,
690,-1515,2647,-502,372,254,
698,-1363,2647,-320,379,319,
670,-1324,2576,-271,365,393,
638,-1355,2535,-244,432,595,
568,-1211,2422,-181,440,776,
479,-1094,2320,-94,380,877,
426,-1076,2252,11,290,949,
427,-1081,2188,383,201,1062,
363,-1054,2127,820,64,1157,
335,-955,2061,1180,-32,1193,
339,-898,1961,1446,-91,1187,
352,-900,1914,1596,-113,1199,
410,-894,1951,1555,-147,1338,
450,-744,1870,1527,-156,1420,
507,-692,1893,1584,-186,1487,
505,-545,1772,1779,-180,1514,
469,-380,1684,1914,-143,1379,
472,-257,1676,1999,-78,1307,
460,-74,1674,1907,9,1201,
440,-4,1668,1706,135,1062,
449,-42,1649,1585,190,920,
443,-95,1644,1525,307,894,
446,0,1649,1495,341,837,
464,-22,1671,1459,318,742,
496,54,1696,1670,368,795,
402,231,1670,1933,441,689,
352,291,1686,2176,544,660,
278,333,1711,2265,628,675,
231,427,1701,2064,712,565,
169,398,1710,1629,686,473,
133,318,1728,1114,683,466,
114,251,1712,717,667,584,
141,241,1749,315,583,715,
171,214,1739,248,596,755,
161,270,1717,379,580,736,
91,332,1723,724,535,599,
66,358,1807,812,496,540,
15,420,1860,695,496,610,
-93,487,1816,544,453,647,
-168,459,1831,194,332,566,
-178,346,1857,-245,296,643,
-213,250,1735,-573,273,729,
-236,214,1679,-673,133,638,
-225,184,1635,-632,-133,592,
-96,204,1766,-340,-306,658,
75,518,2050,-153,-279,640,
148,773,2194,-331,-242,470,
128,831,2202,-709,-271,447,
62,763,2175,-969,-257,540,
0,770,2196,-1053,-82,482,
-86,667,2148,-1017,124,341,
-130,509,2118,-733,264,276,
-165,382,2080,-511,125,367,
-123,477,2188,-391,5,434,
-38,518,2379,-186,60,440,
15,631,2561,37,207,377,
18,633,2573,385,321,326,
79,692,2644,939,566,339,
171,984,2897,1386,960,128,
225,1248,3061,1643,1271,-134,
243,1361,3003,1915,1593,-387,
238,1520,2866,1776,1751,-760,
149,1463,2570,1095,1439,-1109,
51,1148,2346,537,1152,-1104,
15,1084,2365,135,987,-985,
-15,1097,2372,-181,916,-978,
-44,966,2404,-168,932,-1072,
-107,755,2367,187,957,-1124,
-132,633,2292,767,1021,-1121,
-119,581,2279,1525,1199,-1121,
-142,685,2112,2073,1347,-1232,
-295,795,1720,1985,1112,-1520,
-346,755,1463,1362,696,-1507,
-291,810,1718,620,444,-1255,
-207,1028,1805,-288,359,-1083,
-163,1007,1850,-1028,283,-1044,
-178,819,1772,-1163,182,-1005,
-230,587,1669,-845,41,-1069,
-247,435,1658,-465,-104,-1209,
-267,311,1636,-465,-357,-1376,
-311,126,1523,-638,-656,-1268,
-269,201,1584,-1117,-892,-1096,
-133,194,1678,-1840,-831,-667,
-137,239,1639,-2523,-773,-300,
-64,232,1611,-2462,-584,-150,
-138,459,1586,-1714,-601,-613,
-122,526,1529,-1175,-678,-1211,
5,314,1553,-926,-746,-1503,
98,60,1619,-892,-826,-1514,
84,-185,1606,-1043,-913,-1434,
94,-309,1736,-1590,-1037,-1079,
47,-285,1713,-2213,-1106,-673,
-19,-253,1681,-2816,-1155,-329,
-6,-244,1645,-2716,-1226,-266,
53,-223,1696,-2073,-1271,-362,
35,-123,1655,-1297,-1350,-618,
59,-72,1691,-818,-1445,-820,
76,-33,1606,-514,-1510,-1128,
151,-207,1718,-540,-1464,-1173,
180,-436,1817,-1028,-1333,-1066,
155,-721,1821,-1442,-1111,-644,
117,-670,1733,-1824,-845,-365,
114,-562,1764,-2130,-786,-285,
211,-603,1833,-1831,-919,-383,
296,-678,1908,-1192,-1053,-516,
407,-640,2073,-867,-1226,-644,
510,-651,2095,-654,-1290,-655,
582,-673,2197,-824,-1286,-588,
652,-675,2244,-1222,-1181,-475,
698,-710,2221,-1528,-979,-431,
706,-808,2198,-1754,-746,-408,
718,-861,2253,-1923,-503,-382,
742,-902,2242,-1855,-270,-390,
750,-972,2316,-1616,-81,-413,
765,-1020,2387,-1274,81,-413,
770,-1039,2501,-996,237,-404,
759,-1151,2497,-734,360,-362,
762,-1274,2548,-518,495,-215,
764,-1267,2582,-364,607,-89,
742,-1254,2576,-281,669,58,
723,-1260,2603,-213,736,256,
697,-1168,2569,-132,771,427,
593,-1168,2455,-77,729,567,
509,-1166,2354,33,685,637,
472,-1177,2327,244,653,686,
393,-1246,2289,507,596,764,
326,-1258,2212,803,555,883,
275,-1201,2116,1050,529,1026,
276,-1099,2065,1203,516,1127,
277,-1053,2036,1356,469,1204,
288,-1059,1996,1475,437,1353,
274,-1030,1965,1548,376,1523,
244,-962,1889,1624,301,1605,
221,-997,1827,1754,230,1754,
206,-906,1754,1953,164,1947,
176,-742,1703,2048,-11,2038,
262,-584,1686,1945,-72,2105,
312,-583,1474,2129,-151,2208,
306,-407,1437,2548,-321,2188,
221,-103,1469,2302,-300,1899,
361,-168,1541,2337,-276,1844,
396,-15,1571,2339,-207,1724,
353,80,1573,2179,-83,1500,
299,72,1547,2183,-126,1373,
269,124,1533,2062,13,1238,
166,120,1528,2139,-13,1210,
157,245,1582,1937,37,1187,
121,259,1606,1783,55,1244,
122,354,1595,1611,146,1307,
79,442,1581,1368,183,1235,
63,454,1600,1072,-18,1216,
162,545,1658,899,-35,1169,
237,629,1733,736,-71,1085,
270,609,1793,661,-100,949,
309,546,1859,738,-7,841,
310,614,1879,700,94,660,
275,570,1874,498,186,468,
193,515,1856,208,185,383,
145,458,1796,211,314,416,
47,490,1793,220,283,313,
-18,435,1824,227,176,214,
-20,319,1878,428,210,259,
-27,336,1899,616,209,375,
-48,390,1923,594,167,436,
-46,364,1961,464,299,456,
-90,419,1943,381,500,456,
-147,417,1789,221,384,397,
-164,407,1705,202,21,443,
-104,475,1842,452,-292,454,
55,690,2185,632,-424,444,
154,897,2440,624,-361,361,
187,923,2561,798,-91,281,
216,1028,2682,978,305,278,
204,1187,2706,1111,685,261,
85,1272,2560,945,840,74,
-7,1175,2382,767,832,-88,
-112,1215,2332,696,664,-285,
-62,1271,2462,655,601,-428,
-1,1350,2664,606,680,-691,
54,1285,2826,556,793,-823,
75,1176,2855,735,1016,-874,
57,1072,2755,1004,1220,-836,
-8,1087,2556,1263,1291,-874,
-87,1115,2355,1283,1153,-920,
-183,1059,2157,1375,930,-1035,
-235,918,2081,1392,768,-1091,
-240,991,2028,1157,706,-1253,
-269,941,1939,715,630,-1250,
-303,905,1870,297,464,-1098,
-262,988,1900,-68,406,-1044,
-178,1090,2007,-404,415,-1137,
-146,1028,1994,-581,428,-1348,
-154,774,1922,-500,316,-1333,
-244,652,1782,-342,27,-1348,
-302,599,1732,-410,-279,-1383,
-318,589,1708,-771,-657,-1327,
-317,567,1650,-1246,-903,-1202,
-261,655,1712,-1956,-1093,-959,
-102,549,1730,-2248,-962,-538,
-65,647,1693,-1932,-791,-511,
-78,807,1802,-1589,-829,-909,
26,781,1683,-987,-849,-1293,
75,515,1644,-584,-753,-1478,
-83,201,1515,-273,-828,-1519,
-159,92,1599,-636,-1235,-1399,
-92,149,1645,-1239,-1451,-1202,
-48,90,1690,-2006,-1503,-983,
-32,64,1690,-2693,-1479,-565,
18,113,1666,-3183,-1532,-182,
90,194,1630,-3263,-1471,120,
140,273,1591,-2712,-1469,12,
216,122,1620,-1408,-1469,-261,
145,195,1541,-492,-1487,-583,
77,203,1485,-510,-1673,-906,
94,-90,1560,-924,-1742,-830,
248,-149,1732,-1767,-1522,-434,
289,-276,1743,-2454,-1342,44,
258,-410,1691,-3040,-1178,524,
244,-271,1634,-3362,-1043,558,
273,-283,1579,-3017,-948,129,
322,-301,1496,-1782,-1056,-513,
424,-276,1569,-837,-1155,-1081,
546,-249,1651,-406,-1218,-1431,
702,-277,1846,-742,-1163,-1470,
829,-577,2062,-1523,-903,-1108,
849,-811,2093,-2158,-568,-662,
783,-814,1963,-2411,-318,-472,
833,-839,2010,-2293,-163,-613,
895,-1017,2172,-1965,-77,-829,
907,-1213,2316,-1679,14,-967,
968,-1426,2506,-1317,150,-958,
946,-1503,2606,-964,274,-901,
926,-1621,2707,-703,430,-865,
974,-1716,2917,-678,677,-663,
947,-1786,2923,-674,956,-298,
855,-1717,2816,-633,1146,7,
792,-1602,2730,-464,1260,268,
742,-1408,2671,-310,1294,497,
671,-1212,2546,-137,1204,658,
492,-1040,2194,669,733,805,
460,-1014,2187,890,614,834,
411,-976,2116,1207,425,895,
412,-938,2097,1403,291,933,
427,-924,2090,1548,197,1021,
421,-889,2057,1622,84,1044,
438,-918,2038,1666,3,1159,
428,-762,1922,1614,2,1155,
421,-672,1880,1503,36,1095,
426,-755,1826,1737,101,1183,
374,-662,1759,1813,225,1167,
374,-552,1713,1867,222,1232,
335,-459,1655,1908,223,1271,
286,-352,1643,1990,187,1345,
307,-185,1613,1980,242,1316,
339,-114,1646,1924,172,1212,
402,-82,1661,1972,289,1153,
371,98,1592,1971,445,1046,
325,177,1602,1722,410,893,
313,105,1602,1535,434,763,
367,-4,1622,1359,526,827,
315,105,1631,1020,529,834,
268,241,1621,787,419,688,
255,362,1650,657,353,408,
227,348,1679,619,276,357,
178,321,1652,835,206,422,
180,406,1716,938,225,347,
173,436,1768,936,218,174,
167,439,1770,872,284,58,
154,382,1766,808,270,57,
155,367,1759,533,270,11,
119,189,1764,523,405,67,
43,114,1680,503,399,86,
-12,151,1667,381,325,59,
29,178,1758,467,390,81,
24,248,1855,471,478,112,
-39,418,1810,436,460,29,
-65,410,1881,346,389,-18,
-64,393,1927,217,484,53,
-177,413,1878,-119,411,74,
-310,322,1804,-320,243,211,
-350,284,1817,-485,92,382,
-360,271,1861,-445,15,549,
-333,310,1905,-290,-65,701,
-299,457,1937,-125,-130,684,
-278,511,2006,109,-251,694,
-209,601,2162,235,-266,735,
-170,730,2262,183,-219,732,
-162,784,2270,110,-265,741,
-123,868,2331,-64,-345,691,
-57,851,2499,-210,-289,766,
-23,857,2628,-210,-194,803,
-13,860,2763,-19,-95,701,
21,866,2807,402,101,602,
34,936,2803,919,313,418,
56,1041,2819,1381,465,231,
107,1134,2887,1868,815,-99,
203,1267,3017,2505,1640,-702,
305,1515,3128,2583,2589,-1407,
179,1428,2693,2277,2608,-1435,
-31,1427,2244,1407,1647,-1119,
-140,1235,1997,822,784,-1026,
-14,1093,2235,487,497,-830,
-44,1006,2303,375,577,-714,
-183,887,2167,502,602,-743,
-250,800,2069,768,609,-800,
-268,769,1991,1076,689,-868,
-246,792,1898,1285,816,-944,
-292,921,1748,1257,918,-1312,
-315,1004,1696,700,786,-1860,
-311,978,1680,-248,264,-1783,
-190,986,1739,-1170,-53,-1675,
-52,993,1762,-1753,-95,-1491,
-9,897,1669,-1888,-177,-1394,
-4,739,1626,-1648,-258,-1504,
28,454,1649,-969,-195,-1673,
-21,294,1565,-290,-135,-1733,
-166,224,1477,7,-355,-1791,
-269,200,1440,32,-656,-1909,
-168,211,1586,-574,-905,-1709,
-118,312,1611,-1320,-1021,-1355,
-82,322,1618,-1899,-1045,-1107,
-69,284,1558,-1956,-1065,-1045,
-15,244,1528,-1505,-1060,-1182,
68,152,1516,-877,-1051,-1353,
41,134,1499,-556,-1126,-1564,
72,12,1594,-597,-1152,-1756,
144,-236,1728,-929,-1090,-1569,
143,-346,1813,-1640,-978,-1196,
64,-331,1770,-2281,-937,-844,
74,-210,1797,-2904,-931,-598,
147,-235,1784,-2898,-980,-514,
136,-396,1675,-2183,-1059,-579,
135,-318,1706,-1638,-1134,-776,
287,-331,1813,-1237,-1166,-847,
383,-318,1894,-1057,-1084,-781,
394,-238,1895,-1464,-1006,-714,
444,-358,1899,-1923,-883,-614,
528,-385,1981,-2431,-635,-474,
512,-446,1981,-2867,-462,-520,
512,-637,1998,-2796,-336,-678,
535,-824,2072,-2363,-306,-816,
559,-1037,2220,-1618,-323,-960,
589,-1187,2423,-1070,-304,-872,
571,-1164,2500,-829,-292,-711,
532,-1121,2452,-677,-249,-514,
503,-1053,2408,-758,-201,-335,
491,-914,2400,-817,-183,-151,
511,-796,2418,-893,-165,-68,
580,-896,2517,-1012,-84,56,
599,-984,2533,-948,-11,211,
523,-1088,2418,-592,19,209,
495,-1206,2448,-142,60,211,
498,-1275,2473,307,131,279,
476,-1264,2532,359,171,498,
425,-1265,2417,520,192,697,
410,-1252,2396,641,202,889,
419,-1186,2374,727,164,1138,
393,-1118,2299,817,110,1391,
351,-1085,2211,925,45,1620,
301,-988,2073,1195,-23,1731,
242,-817,1969,1469,-148,1672,
286,-786,1912,1882,-209,1680,
308,-676,1909,2098,-313,1749,
341,-608,1861,2259,-400,1753,
364,-505,1832,2281,-407,1695,
454,-465,1837,2288,-341,1685,
507,-400,1787,2273,-250,1700,
589,-375,1759,2294,-73,1771,
568,-292,1747,2236,158,1756,
483,-343,1693,2260,374,1690,
391,-213,1672,2049,604,1622,
329,-131,1655,1751,798,1562,
238,-207,1591,1516,952,1482,
219,-155,1571,1513,1000,1438,
256,119,1556,1419,894,1206,
314,258,1592,1368,743,820,
365,153,1616,1572,664,649,
380,252,1607,1674,741,550,
360,350,1654,1466,836,423,
350,259,1613,1337,923,397,
280,318,1543,1423,935,263,
272,508,1658,1420,858,-37,
286,628,1727,1441,864,-354,
170,578,1713,1454,932,-466,
14,520,1594,1290,913,-517,
-70,396,1591,1097,893,-410,
-21,337,1713,877,1012,-176,
-63,323,1675,732,1040,23,
-71,379,1619,792,884,128,
-100,459,1607,1122,664,58,
-25,578,1782,1587,614,-82,
4,763,1927,1958,593,-306,
-103,785,1896,2253,502,-534,
-224,744,1795,2461,411,-541,
-276,784,1851,2323,419,-334,
-251,917,1935,1672,605,-110,
-286,1019,1948,824,656,99,
-336,954,1898,475,670,306,
-361,1071,1927,457,537,339,
-349,1156,2088,634,452,211,
-344,1221,2235,964,463,117,
-393,1316,2302,1285,449,21,
-416,1300,2337,1667,421,-13,
-436,1321,2385,2000,435,8,
-441,1560,2516,1773,565,-199,
-427,1682,2546,1202,773,-298,
-494,1641,2429,685,859,-203,
-511,1589,2381,242,760,-73,
-475,1620,2520,-191,634,-38,
-429,1535,2579,-335,555,-118,
-421,1355,2573,-66,618,-215,
-460,1225,2477,415,674,-261,
-528,1150,2287,863,573,-247,
-534,1161,2166,1113,439,-205,
-540,1218,2039,1082,265,-172,
-528,1253,1961,858,104,-199,
-501,1161,1872,519,3,-149,
-482,1278,1895,-109,-42,-138,
-367,1408,1914,-823,71,-155,
-315,1425,1890,-1473,130,-137,
-301,1432,1845,-1858,121,-301,
-260,1417,1807,-2033,2,-479,
-240,1418,1782,-2327,-324,-749,
-243,1364,1746,-2680,-751,-1068,
-223,1171,1708,-2900,-1161,-1323,
-115,755,1641,-2677,-1221,-1331,
-85,439,1577,-2171,-1016,-1099,
-199,354,1487,-1697,-803,-1006,
-228,348,1456,-1392,-796,-916,
-234,454,1484,-1200,-950,-977,
-145,594,1503,-1016,-940,-1130,
-31,568,1512,-782,-850,-1259,
-99,556,1437,-567,-964,-1494,
-47,408,1472,-517,-1068,-1639,
-1,307,1541,-627,-1025,-1603,
-47,144,1530,-913,-1101,-1470,
-115,3,1561,-1340,-1218,-1345,
-68,-56,1618,-1674,-1234,-1147,
17,-193,1765,-1978,-1212,-816,
-25,-265,1706,-1970,-1248,-640,
-41,-468,1705,-1570,-1304,-501,
-46,-442,1778,-1187,-1327,-397,
-65,-346,1735,-1115,-1374,-315,
-28,-188,1753,-1350,-1362,-257,
68,-91,1769,-1609,-1274,-173,
162,-33,1839,-1934,-1208,-31,
221,-19,1831,-2063,-1096,59,
302,35,1844,-2091,-1010,8,
349,5,1803,-1851,-979,-111,
298,26,1635,-1455,-1004,-451,
323,-61,1700,-1155,-1024,-795,
417,-73,1804,-1183,-949,-969,
422,-126,1935,-1701,-854,-1004,
465,-309,2016,-2222,-756,-898,
446,-498,1967,-2360,-660,-817,
514,-614,2128,-2361,-553,-741,
629,-765,2288,-2120,-519,-692,
680,-931,2403,-1590,-456,-661,
681,-913,2409,-1112,-378,-664,
680,-879,2445,-912,-285,-642,
652,-883,2453,-919,-140,-599,
648,-960,2503,-1047,25,-501,
633,-1035,2507,-1096,257,-378,
618,-1137,2550,-1073,511,-273,
628,-1233,2660,-1040,768,-87,
606,-1248,2670,-968,880,114,
614,-1194,2717,-826,853,283,
613,-1168,2701,-571,752,469,
563,-1088,2595,-211,577,656,
483,-1013,2418,212,414,788,
410,-901,2311,520,210,865,
378,-832,2205,832,91,992,
342,-742,2179,890,21,1043,
315,-736,2138,874,-38,1094,
315,-825,2101,1010,-89,1169,
333,-904,2059,1259,-178,1272,
331,-931,2076,1584,-261,1416,
344,-850,2024,1828,-233,1512,
380,-741,1997,1921,-209,1570,
424,-661,1898,2054,-156,1662,
457,-493,1859,2045,-65,1714,
399,-273,1840,1835,-45,1612,
403,-171,1725,1772,80,1465,
384,-130,1707,1686,247,1267,
366,-201,1728,1601,325,1138,
351,-297,1703,1639,379,1034,
423,-321,1684,1935,457,953,
434,-211,1640,2289,531,701,
373,-66,1572,2526,522,365,
337,78,1546,2631,541,149,
325,346,1539,2635,595,-37,
286,348,1622,2424,652,-63,
297,315,1691,1932,826,267,
275,317,1694,1351,1048,592,
182,355,1567,1159,1237,728,
79,415,1567,896,1109,632,
55,441,1586,732,895,472,
106,387,1637,674,860,430,
73,336,1654,783,826,511,
-7,429,1625,946,838,459,
-37,497,1746,1001,872,416,
-52,563,1775,1029,1077,462,
-202,653,1698,726,1138,472,
-323,681,1640,321,967,566,
-373,627,1623,-88,704,629,
-343,612,1651,-508,428,632,
-330,651,1663,-942,192,567,
-353,603,1661,-1107,44,630,
-378,479,1676,-1004,-101,762,
-377,463,1732,-868,-342,931,
-318,556,1901,-631,-558,986,
-272,641,2117,-611,-629,947,
-262,723,2228,-539,-558,938,
-298,903,2217,-459,-432,768,
-314,1014,2236,-500,-408,644,
-270,1043,2302,-575,-255,609,
-227,1117,2361,-706,-91,615,
-241,1075,2304,-748,-11,562,
-242,1020,2304,-641,-123,594,
-207,1078,2393,-437,-265,474,
-137,1089,2570,-238,-304,357,
-49,1099,2800,-59,-173,227,
-8,1081,2927,43,56,113,
20,1033,3030,242,406,109,
-14,1058,2991,491,701,42,
-71,1067,2855,777,873,-100,
-123,1097,2763,1048,939,-302,
-132,1071,2686,1324,991,-460,
-164,1062,2607,1463,1015,-650,
-209,945,2390,1735,1033,-658,
-287,999,2168,1882,988,-714,
-361,1098,2030,1832,874,-837,
-308,1155,2063,1610,868,-919,
-274,1203,2026,1278,889,-961,
-305,1184,1926,915,776,-1068,
-285,1084,1889,545,560,-1108,
-233,950,1873,317,354,-1089,
-237,922,1807,271,208,-1197,
-321,607,1592,104,-298,-1518,
-317,553,1547,80,-450,-1417,
-381,653,1535,-278,-794,-1487,
-327,454,1607,-778,-918,-1418,
-63,433,1604,-761,-762,-1009,
-186,609,1517,-936,-783,-922,
-40,688,1606,-1252,-663,-894,
84,731,1631,-1344,-449,-886,
88,684,1554,-1349,-282,-1010,
-49,665,1489,-1409,-421,-1312,
-62,596,1432,-1427,-641,-1573,
-35,435,1495,-1679,-764,-1626,
-11,144,1537,-1865,-815,-1486,
-71,-125,1491,-1865,-907,-1237,
-134,-237,1522,-1872,-1084,-1006,
-25,-375,1660,-1727,-1174,-811,
-23,-390,1685,-1464,-1238,-573,
-93,-248,1624,-1427,-1268,-560,
-84,-86,1606,-1527,-1242,-663,
15,35,1611,-1707,-1171,-691,
149,48,1725,-1952,-1086,-690,
211,-154,1768,-2159,-1054,-620,
173,-364,1732,-2340,-1006,-565,
178,-521,1768,-2383,-927,-459,
208,-517,1853,-2477,-889,-395,
242,-530,1913,-2603,-905,-320,
317,-497,1949,-2607,-913,-308,
356,-483,1947,-2384,-908,-368,
399,-439,1935,-2162,-870,-450,
474,-393,1945,-1958,-783,-474,
529,-311,1928,-1850,-673,-555,
640,-391,2020,-1815,-534,-770,
708,-675,2147,-1737,-336,-966,
705,-870,2209,-1710,-150,-1016,
706,-1000,2310,-1810,41,-944,
713,-1111,2410,-1831,227,-807,
712,-1205,2496,-1649,396,-662,
724,-1312,2660,-1374,545,-532,
677,-1388,2662,-1024,653,-408,
620,-1467,2669,-658,732,-280,
589,-1428,2657,-269,833,-102,
548,-1260,2622,-30,862,20,
539,-1220,2627,93,805,91,
537,-1218,2627,220,791,320,
498,-1130,2575,257,734,520,
472,-1094,2533,348,631,722,
347,-1096,2333,664,486,809,
253,-1130,2223,965,296,833,
253,-1144,2188,1317,229,948,
228,-1020,2158,1558,236,1114,
207,-949,2109,1665,312,1210,
188,-949,2035,1728,377,1273,
179,-912,2054,1748,479,1385,
216,-891,2016,1822,477,1487,
215,-859,1870,1999,455,1599,
198,-760,1810,2167,410,1651,
235,-652,1798,2303,313,1686,
270,-564,1799,2420,228,1692,
261,-471,1694,2570,124,1627,
263,-379,1622,2672,126,1571,
266,-207,1656,2618,88,1485,
204,-121,1617,2681,118,1403,
156,-41,1578,2807,200,1386,
112,13,1543,2905,269,1330,
101,98,1522,3024,486,1243,
40,165,1544,3020,452,1176,
41,255,1568,2862,455,1108,
127,247,1590,2783,519,1118,
206,263,1626,2710,633,1165,
203,310,1584,2724,782,1066,
182,386,1558,2864,816,948,
183,540,1586,2790,917,791,
192,626,1611,2714,1049,756,
129,602,1551,2697,1116,600,
44,650,1623,2554,963,457,
35,621,1604,2557,978,363,
6,620,1576,2496,946,202,
-18,488,1618,2229,1003,171,
-12,457,1589,1976,1270,266,
-95,443,1585,1742,1393,439,
-185,270,1370,1846,1356,641,
-187,449,1397,1929,1174,866,
-165,839,1442,2067,876,905,
-102,1182,1608,2015,513,501,
-54,1104,1691,2205,354,220,
-42,1013,1774,2534,404,181,
-56,1168,1833,2599,517,191,
-113,1357,1879,2160,568,142,
-191,1318,1779,1716,734,137,
-302,1208,1636,1389,828,171,
-422,1043,1545,1367,745,323,
-408,1154,1614,1358,514,372,
-396,1277,1752,1361,240,301,
-387,1316,1794,1777,86,188,
-400,1403,2001,1932,63,211,
-429,1597,2094,1749,182,243,
-468,1695,2083,1469,444,319,
-525,1759,2062,1094,727,348,
-563,1803,2016,826,881,363,
-605,1888,2045,604,904,350,
-643,1968,2097,354,777,293,
-620,2021,2315,-8,691,217,
-666,1956,2351,-221,664,-22,
-720,1879,2317,-240,604,-281,
-770,1775,2342,-304,519,-402,
-770,1747,2327,-369,372,-405,
-762,1664,2334,-315,293,-458,
-720,1653,2245,-164,302,-481,
-681,1662,2227,-65,376,-441,
-613,1703,2214,-35,567,-472,
-548,1680,2126,42,805,-498,
-511,1703,1952,147,895,-619,
-503,1740,1823,88,821,-878,
-426,1720,1660,3,712,-1137,
-349,1697,1682,-333,607,-1364,
-331,1724,1656,-679,487,-1590,
-304,1730,1675,-966,422,-1792,
-357,1715,1669,-1633,69,-1947,
-455,1365,1532,-2121,-355,-1911,
-536,1068,1331,-1922,-562,-1783,
-530,897,1350,-1684,-759,-1718,
-517,896,1484,-1521,-955,-1590,
-437,1005,1438,-1530,-1182,-1474,
-373,1105,1446,-1673,-1239,-1285,
-203,1163,1417,-1980,-1104,-1130,
-170,1269,1368,-2237,-793,-961,
-280,1427,1480,-2802,-922,-1115,
-87,1040,1129,-2387,-695,-1188,
-190,755,1156,-1902,-715,-1385,
-253,490,1266,-1451,-767,-1401,
-288,455,1295,-1254,-907,-1403,
-393,431,1336,-1343,-1052,-1303,
-394,485,1298,-1827,-1314,-1253,
-321,434,1425,-2715,-1425,-1042,
-207,347,1588,-3543,-1341,-697,
-175,215,1466,-3997,-1294,-431,
-136,124,1402,-3883,-1439,-546,
-110,-74,1382,-3160,-1687,-733,
-89,20,1439,-2784,-1825,-996,
-121,35,1412,-2658,-1963,-1275,
-34,-55,1530,-2599,-1845,-1297,
29,-44,1591,-2744,-1642,-1213,
65,-11,1685,-3279,-1476,-933,
69,12,1735,-3983,-1383,-736,
109,-210,1790,-4544,-1373,-489,
56,-356,1679,-4412,-1524,-627,
148,-805,1620,-3143,-1725,-881,
308,-950,1892,-1811,-1813,-1059,
404,-843,2129,-883,-1809,-1181,
352,-686,2049,-630,-1884,-1254,
419,-607,2188,-1097,-1841,-1174,
603,-714,2345,-1670,-1444,-876,
564,-782,2347,-2154,-1039,-716,
501,-1120,2271,-2008,-600,-733,
482,-1362,2310,-1484,-205,-761,
496,-1341,2504,-1105,47,-765,
584,-1284,2728,-795,259,-637,
616,-1180,2796,-502,392,-476,
608,-1115,2816,-402,529,-272,
560,-1061,2747,-400,673,-78,
555,-1006,2737,-315,796,46,
538,-967,2745,-295,892,191,
491,-964,2686,-260,903,361,
400,-990,2467,156,891,514,
344,-966,2429,520,886,505,
414,-1061,2609,662,941,663,
419,-1055,2577,895,932,933,
331,-1040,2406,1171,837,1140,
261,-1015,2288,1438,832,1299,
227,-930,2158,1629,876,1405,
176,-850,2094,1791,871,1479,
135,-789,2033,1918,888,1544,
91,-820,1968,2331,872,1602,
36,-724,1958,2563,685,1663,
-5,-558,1884,2739,423,1713,
-25,-446,1864,2912,175,1797,
-22,-394,1729,2987,-146,1912,
-39,-275,1656,2950,-301,1934,
74,-152,1575,3040,-246,1956,
87,78,1660,2866,-86,1837,
150,97,1575,2890,110,1809,
184,209,1479,2927,352,1591,
224,274,1554,2790,579,1485,
244,382,1577,2553,832,1407,
143,546,1629,2322,1013,1250,
108,486,1570,2070,1023,1145,
131,333,1391,2411,1107,1260,
33,558,1445,2540,1156,1118,
-30,701,1568,2368,1173,1022,
2,747,1549,2378,1038,1066,
16,807,1628,2360,897,1025,
-34,841,1641,2473,721,887,
-10,842,1601,2616,621,830,
12,983,1668,2507,730,641,
-13,986,1702,2207,903,424,
-48,870,1601,2152,1186,234,
-198,797,1513,2141,1409,104,
-334,794,1501,2009,1159,64,
-274,780,1600,1787,968,40,
-290,875,1655,1703,945,19,
-341,903,1669,1661,802,-75,
-379,897,1677,1616,837,-105,
-352,918,1654,1658,1074,-84,
-417,1003,1622,1539,1101,-170,
-477,1032,1673,1137,977,-268,
-512,995,1705,834,742,-289,
-525,841,1714,730,577,-176,
-613,987,1712,473,408,-92,
-700,1090,1635,164,184,-155,
-684,1113,1743,111,142,13,
-662,1177,1874,149,105,185,
-645,1289,1933,217,151,306,
-681,1397,1920,-21,229,376,
-738,1388,1939,-470,288,386,
-793,1261,1793,-785,226,390,
-851,1097,1645,-714,-75,532,
-773,1194,1745,-469,-464,651,
-627,1404,1969,-191,-640,679,
-523,1649,2137,50,-673,551,
-518,1645,2168,327,-640,380,
-471,1600,2238,683,-532,252,
-426,1624,2365,980,-251,233,
-404,1823,2421,940,101,159,
-398,1943,2401,773,439,-4,
-427,1906,2317,653,754,-148,
-489,1844,2172,689,963,-333,
-506,1840,2113,844,1153,-547,
-558,1843,2025,1066,1352,-870,
-621,1776,1932,1224,1410,-1248,
-658,1738,1818,1074,1136,-1375,
-683,1775,1803,221,442,-1283,
-696,1615,1836,-489,3,-1180,
-597,1588,1776,-1078,-248,-841,
-574,1399,1703,-1545,-267,-557,
-439,1475,1571,-2170,-305,-435,
-400,1461,1678,-3029,-356,-409,
-510,1505,1570,-3692,-613,-469,
-574,1451,1610,-4192,-762,-610,
-552,1384,1533,-4310,-934,-652,
-581,1558,1474,-4772,-1369,-981,
-529,1672,1488,-5847,-1878,-1631,
-288,1269,1483,-6425,-1794,-1849,
-145,871,1511,-6495,-1523,-1705,
-156,409,1436,-5869,-1432,-1063,
-327,500,1434,-5784,-1707,-873,
-397,294,1393,-5644,-1867,-920,
-351,137,1433,-5303,-1961,-774,
-360,198,1389,-5192,-2051,-830,
-332,116,1388,-4921,-2158,-936,
-395,238,1367,-4795,-2332,-1285,
-311,288,1415,-4910,-2571,-1829,
-144,18,1456,-4377,-2581,-2199,
-158,-329,1356,-3655,-2535,-2438,
-281,-490,1413,-3582,-2667,-2796,
-269,-723,1365,-3562,-2891,-2832,
-269,-696,1388,-4317,-3206,-2714,
-246,-509,1480,-5378,-3508,-2601,
-32,-420,1390,-6034,-3745,-2144,
250,-430,1577,-6957,-3824,-1435,
465,-515,1522,-7103,-3586,-599,
484,-517,1452,-6751,-3422,-452,
633,-754,1552,-5325,-3138,-750,
779,-891,1592,-3293,-2575,-1307,
872,-1033,1566,-1256,-1997,-2082,
882,-1173,1490,245,-1784,-2567,
851,-1351,1472,533,-1773,-2746,
892,-1672,1571,-168,-1700,-2089,
860,-1616,1779,-1733,-1587,-987,
867,-1421,1661,-3069,-1428,-128,
695,-1323,1703,-4647,-1493,6,
825,-1477,1695,-5116,-1473,-106,
1086,-1813,1750,-4230,-1290,-138,
1246,-1902,1794,-2722,-876,-119,
1140,-1681,1855,-1851,-612,-711,
1173,-1796,1875,-1231,-411,-1201,
1287,-1887,1979,-784,-221,-1211,
1367,-2053,2045,-461,97,-850,
1343,-2008,2092,-354,445,-284,
1241,-1930,1991,-183,694,309,
1009,-1745,1896,2,785,535,
968,-1752,1825,241,895,562,
992,-1883,1794,987,1151,699,
935,-1958,1840,1530,1323,834,
962,-1989,1817,2115,1548,1195,
779,-1857,1748,2465,1543,1347,
640,-1869,1679,2640,1446,1346,
713,-1983,1716,3016,1477,1626,
729,-1934,1646,3727,1492,2254,
593,-1560,1593,4183,1409,2540,
552,-1401,1541,4390,1398,2690,
538,-1289,1499,4750,1421,2832,
614,-1123,1537,5078,1505,3005,
516,-1028,1461,5565,1555,3177,
332,-732,1461,5534,1601,3075,
125,-569,1391,5134,1323,2530,
103,-645,1413,5049,1142,2137,
205,-632,1474,5205,1180,2007,
215,-656,1449,5839,897,2022,
319,-485,1436,6438,963,2135,
546,81,1551,6594,1339,2097,
488,204,1551,6112,1929,2096,
440,531,1553,5219,2271,2022,
204,560,1636,4192,1650,1886,
269,209,1584,3941,1625,2015,
275,-19,1356,5065,2056,2369,
53,515,1561,5262,2081,1943,
1,478,1514,5371,1789,1589,
-31,483,1463,5591,1550,1345,
-56,577,1494,5868,1547,1011,
-29,626,1463,6056,1551,914,
192,655,1590,5966,1733,1219,
-20,995,1707,5192,1753,1021,
2,984,1605,4799,1877,1090,
-139,896,1451,4889,2061,1151,
-214,1030,1505,4646,2096,703,
-214,735,1298,4831,2428,451,
-326,617,1209,5660,2590,338,
-366,654,1261,6144,2517,292,
-382,746,1392,6780,2082,383,
-453,1068,1365,6555,1837,45,
-265,1110,1363,6693,1803,259,
-344,1352,1327,6798,2051,223,
-273,1632,1350,6526,2305,303,
-470,1953,1381,5802,2323,21,
-423,1898,1286,5301,2230,-29,
-421,1729,967,5141,2241,-218,
-465,1461,930,5806,2311,-203,
-474,1456,911,6637,2495,-41,
-438,1799,1089,6250,2488,391,
-461,2041,1169,5435,2271,728,
-707,1871,1136,4997,1542,1590,
-974,2207,1212,4022,351,1372,
-752,2358,1195,3317,-184,1626,
-744,2514,1006,3786,132,1538,
-729,3233,1136,2431,372,647,
-589,2893,892,1834,525,580,
-699,2650,641,2573,636,282,
-556,2985,829,2666,575,358,
-625,3429,1055,1943,615,70,
-649,3517,932,2047,913,-430,
-738,3548,893,1736,1105,-1375,
-768,3461,1073,905,730,-1222,
-1099,3507,1255,-664,-182,-1796,
-989,3438,1160,-2011,-838,-2229,
-896,3242,854,-2974,-1189,-2346,
-963,2986,754,-3755,-1640,-2795,
-1171,2309,1230,-4323,-2616,-3176,
-870,2734,1044,-6706,-3176,-2641,
-584,1904,589,-6612,-2787,-2048,
-729,2051,628,-6955,-2557,-1767,
-707,1966,854,-6930,-2751,-1620,
-657,2185,970,-7806,-3072,-1597,
-555,2213,1026,-8823,-3319,-1798,
-445,2215,981,-9678,-3634,-1942,
-431,1832,777,-9494,-3849,-2006,
-418,1698,793,-9214,-3533,-2501,
-560,1423,797,-8769,-3543,-2617,
-701,1334,839,-8935,-3814,-3081,
-697,1314,965,-9762,-4356,-3290,
-448,995,825,-9769,-3997,-3347,
-138,851,1037,-9689,-3931,-3045,
122,449,1161,-8774,-4348,-1941,
74,206,1087,-6871,-4414,-1426,
120,454,1319,-5918,-3591,-1490,
-43,428,1236,-5518,-3193,-1716,
-268,361,1220,-5798,-3518,-1940,
-382,225,1095,-5797,-3607,-2064,
-624,458,1118,-6894,-3950,-2529,
-621,557,1087,-8576,-4654,-2989,
-524,458,960,-10071,-5472,-3298,
-248,347,839,-11246,-6157,-3400,
268,-115,918,-11474,-6484,-3185,
1131,-972,1089,-9325,-5885,-1785,
1563,-1183,1506,-6772,-4591,-190,
1704,-1225,1691,-4401,-3012,785,
1493,-1053,1660,-2431,-1561,1386,
827,-652,1408,-2007,-1102,871,
365,-498,971,-2391,-1421,60,
-124,-220,1056,-4579,-2272,-1387,
-14,-540,846,-6146,-3026,-1985,
14,-582,857,-7751,-3795,-2310,
146,-651,752,-9452,-4687,-2621,
381,-970,747,-10845,-5408,-2804,
769,-1580,609,-10772,-6040,-2301,
1118,-1938,780,-10125,-6435,-1391,
1557,-2107,882,-8998,-6260,-621,
2024,-2314,1065,-7442,-5403,294,
2365,-2516,1228,-5544,-4122,783,
2572,-2749,1378,-3814,-2440,1055,
2305,-2845,1203,-2096,-944,1184,
1726,-2670,1006,-1392,-292,573,
1531,-2735,802,-1024,-114,-40,
1542,-3046,763,-583,78,-209,
1540,-3077,822,-405,203,-122,
1643,-3344,878,-562,301,-49,
1897,-3960,908,203,728,778,
1829,-3944,981,1231,1034,1625,
1648,-3714,816,2660,1197,2184,
1322,-3118,758,3561,1291,1991,
1099,-2567,701,4137,1296,1282,
965,-2080,771,4398,1159,347,
987,-1968,809,4749,1100,-498,
1282,-1986,922,5324,1371,-453,
1477,-1890,1101,6087,1763,212,
1640,-1816,1153,6986,2258,1074,
1648,-1917,1117,8244,2777,2189,
1522,-1779,827,10271,3407,3170,
1138,-1123,776,11205,3651,3384,
818,-478,874,9980,4369,2457,
417,-694,360,9595,4747,1007,
226,-298,947,9072,3616,963,
263,-454,911,9022,2978,24,
661,-399,1189,8747,3613,-174,
472,-606,1084,9211,3568,68,
593,-420,1201,9194,3528,479,
602,-213,1305,8721,4176,1052,
478,-280,1048,9186,4951,1585,
220,198,1196,8706,5105,2044,
428,449,1358,7903,5295,2771,
-258,720,1218,7662,4575,2114,
-430,710,1273,7465,3490,936,
25,761,1374,7274,3492,418,
125,765,1278,7965,3909,364,
1,1011,1351,7947,4171,-417,
-8,865,1291,7917,4541,-846,
-19,997,1625,6440,4413,-460,
189,488,1286,6938,4148,1478,
-129,494,1243,7085,3843,1951,
-407,359,1166,7880,4041,799,
-496,596,1182,7864,3855,75,
-479,726,1207,7671,3399,466,
-507,975,1038,7558,3207,892,
-326,1141,892,7756,3732,1087,
-306,1348,866,8091,4239,1390,
-361,1064,551,8755,4171,2089,
-538,1830,906,8029,3559,1673,
-780,2284,1211,6813,3545,595,
-399,1790,990,6556,3507,1201,
-909,2122,1033,5376,2741,661,
-1206,2097,1076,4319,2125,-881,
-1050,1876,636,4832,2088,-1189,
-861,2295,522,4644,2434,-1217,
-843,2337,576,4353,2800,-500,
-1396,2752,965,2338,1901,-847,
-982,2254,777,2285,1503,-74,
-936,2560,584,2427,1594,596,
-859,2798,637,2296,1834,910,
-1031,2813,794,2074,1613,1120,
-1199,3133,951,1406,1146,870,
-1235,3292,834,949,796,613,
-1231,3529,826,315,460,125,
-1209,3527,838,-552,196,-402,
-1118,3287,652,-903,-49,-754,
-1062,3170,749,-1284,-506,-495,
-780,2864,682,-1629,-815,554,
-1142,2754,729,-1714,-1233,-221,
-1106,2658,702,-1632,-1677,-893,
-994,2973,871,-2532,-2288,-597,
-1217,3046,1217,-4089,-3601,-295,
-1419,3777,1336,-6537,-5014,-1946,
-1022,4297,329,-10742,-5636,-3229,
662,2200,356,-12324,-1853,-2793,
108,676,120,-5726,2210,-1889,
-1537,2080,358,-4822,86,-3220,
-1662,2789,1924,-8478,-2918,-5404,
-1024,2788,1697,-12810,-5155,-5736,
-432,1558,104,-14845,-5675,-4380,
-138,-441,-292,-8837,-3205,-3505,
-666,553,606,-5751,-2224,-2711,
-1553,1488,1234,-7245,-4028,-2793,
-1593,1818,1118,-10996,-5684,-4012,
-1179,794,530,-11380,-6273,-3922,
-832,-36,688,-9331,-6776,-1776,
-894,-153,851,-7549,-7762,-1293,
-254,391,914,-7722,-7156,-3671,
535,13,1026,-7432,-5665,-3252,
359,-737,1096,-5716,-4644,-1638,
-93,-620,1050,-3877,-4758,-1038,
-378,160,1320,-4985,-5358,-1331,
-185,92,1132,-5847,-5560,-1204,
-416,316,1242,-7099,-5793,-1766,
-326,-16,1021,-7608,-6571,-1578,
-122,103,1107,-8646,-7334,-1446,
288,-273,974,-8977,-8016,129,
512,-396,977,-8756,-7945,634,
822,-573,1040,-8235,-7278,-297,
1336,-975,1139,-7228,-6176,-2,
1312,-1163,1236,-6242,-5073,513,
1042,-853,1189,-5752,-4497,528,
717,-256,1088,-6637,-4629,205,
610,-145,862,-7971,-5095,-597,
854,-704,694,-8957,-5508,-817,
1073,-1407,570,-9085,-5729,-424,
1166,-1825,520,-8964,-5775,65,
1110,-2090,435,-8652,-5752,240,
1099,-2260,365,-8182,-5784,231,
1105,-2277,389,-7829,-5996,108,
1271,-2248,444,-7214,-6129,134,
1301,-2150,591,-6536,-6629,1075,
1548,-1856,548,-6103,-6628,1981,
1533,-1744,409,-5898,-6895,-389,
3398,-2815,845,-4419,-4549,-1201,
4385,-3401,1149,-2395,-212,203,
3177,-3441,887,-151,2018,1672,
1822,-2922,484,998,1909,1733,
1440,-2665,150,1649,1409,1523,
1279,-2209,219,621,1341,1346,
1015,-2509,102,-3,1077,793,
1048,-2823,163,296,595,603,
1355,-2919,414,292,483,519,
1740,-3304,508,1261,954,761,
1921,-3327,583,2777,1500,1246,
1943,-3085,682,3939,2037,1502,
1997,-3140,638,5460,2883,1925,
1658,-2840,563,7208,3477,2079,
1232,-2064,525,8016,3471,1513,
1109,-1468,491,7960,3553,824,
1073,-1300,490,7651,3766,304,
817,-1322,582,7341,3534,91,
969,-1567,589,7506,3430,-111,
1215,-1490,739,7807,3795,137,
1201,-1523,838,7594,4457,748,
986,-2090,727,8581,5151,451,
911,-2230,756,10251,5607,201,
793,-2031,681,11970,5653,765,
775,-1310,574,12661,6260,808,
420,-693,449,12433,6235,1210,
-288,-16,590,11255,4884,1734,
-668,283,858,9635,3465,38,
-183,-261,1085,9521,3036,-1850,
370,-456,1121,10247,3345,-1793,
826,-358,1203,10991,4524,-1728,
1120,65,990,11551,6611,-950,
537,827,1142,9679,6059,1451,
-67,608,1227,8633,4845,2251,
-130,975,1004,9075,3237,4417,
182,1965,1376,7607,5751,2318,
-780,1563,995,6579,5385,1429,
-1303,987,1150,6424,3416,91,
-494,810,1153,7324,3829,-1742,
-114,607,1091,8766,3997,-1480,
46,1161,1158,8898,4592,-1472,
-310,1321,1425,7777,3740,-977,
-214,968,1293,7392,3313,23,
-182,1288,1321,6741,3339,1099,
-437,1567,1359,5615,3389,2178,
-703,1282,1201,5082,3457,1952,
-717,831,936,5616,3698,424,
-972,599,734,7096,3359,1637,
-1041,1192,731,7978,3300,656,
-673,1723,844,7834,3234,-435,
-266,2116,935,7523,3717,278,
-387,2119,903,7127,3714,1486,
-719,2293,939,6609,2753,1982,
-704,2372,1205,5747,2760,1123,
-1006,2443,1168,4916,2553,-333,
-1226,2797,1314,2404,1319,28,
-1003,2317,991,1375,843,184,
-867,1793,567,1784,1071,260,
-872,1400,355,3434,1157,908,
-935,1579,370,5083,1271,1084,
-1064,2271,542,5268,969,895,
-999,2768,645,4441,635,694,
-799,2996,838,3378,564,1257,
-700,3076,1109,2477,699,1453,
-1155,3469,823,1214,138,2268,
-1312,3541,613,357,-528,979,
-1269,3560,576,-52,-932,-240,
-963,3637,581,-275,-866,-1056,
-835,3708,480,-705,-968,-849,
-843,3825,901,-2690,-1192,-1288,
-814,3386,683,-3901,-1482,-1590,
-777,2808,435,-3675,-1782,-970,
-849,3046,489,-4113,-1892,-1303,
-958,3191,715,-5264,-1743,-2883,
-993,2952,790,-6253,-2334,-3181,
-795,2860,836,-7393,-3269,-1969,
-627,2786,922,-8485,-3451,-2342,
-456,3024,1061,-10663,-3592,-3409,
-226,2576,556,-13202,-3658,-1156,
26,455,116,-9887,-1814,-648,
-682,501,371,-7350,-1733,-1596,
-1184,919,813,-6833,-2672,-2861,
-945,1843,1164,-9113,-3309,-3323,
-501,1379,962,-10376,-3376,-2572,
-552,652,844,-9477,-3195,-2956,
-564,345,856,-7704,-3082,-3288,
-448,595,1076,-6587,-3086,-2741,
-596,1324,1335,-7879,-3289,-2658,
-853,1174,1166,-9053,-3843,-3113,
-810,890,1060,-9805,-4510,-2834,
-885,240,1058,-9023,-5423,-1631,
-810,141,1030,-8053,-6053,144,
-759,626,1022,-8586,-6514,989,
-551,1100,1128,-10328,-6643,-596,
-135,553,910,-10785,-6385,-3420,
578,-296,1059,-9386,-6089,-2936,
983,-790,1232,-7132,-5299,-1675,
434,112,1310,-5503,-2280,-812,
-34,263,1241,-6366,-2369,101,
-1088,515,953,-7861,-3643,-1158,
-1401,341,787,-9562,-5587,-2319,
-980,77,410,-10789,-7187,-1737,
-621,-133,459,-12243,-8505,295,
-232,-774,252,-12722,-9253,1274,
-230,-2040,280,-12198,-10528,2243,
1063,-3387,47,-8834,-9935,-5532,
3827,-4493,993,-3706,-6816,-7689,
5467,-3929,1421,403,-1867,4131,
2963,-1585,1137,1621,1964,8234,
-1096,759,1154,-1493,311,1721,
-1958,937,625,-5113,-4018,-4845,
164,-410,297,-5779,-5467,-5053,
1443,-739,551,-6370,-4231,-1267,
494,-526,441,-8524,-4313,-46,
199,-1719,310,-9599,-6170,-4104,
2724,-4413,480,-6425,-6481,-4895,
5501,-5353,910,-517,-2516,621,
4565,-3208,1077,1778,1636,5338,
1254,-1036,823,-970,1943,3545,
-410,-1519,140,-3134,-245,-1529,
529,-2764,-119,-2138,-1757,-3126,
1641,-2659,521,-2209,-2122,-1555,
1988,-2637,644,-2932,-1867,-823,
2057,-3231,456,-2222,-1703,113,
2147,-3431,553,-875,-1564,789,
2248,-2996,727,2,-1148,1225,
2250,-2637,730,614,-562,1285,
2223,-2540,731,1349,90,875,
2400,-2590,805,2643,944,585,
2515,-2342,815,3663,2062,941,
2248,-2174,800,4001,3005,1180,
1924,-2241,630,4288,3759,1107,
1754,-2571,551,4867,4149,1250,
1809,-2936,524,6177,4532,1863,
1645,-2979,347,8187,5272,2529,
1172,-2597,282,9775,5802,2321,
828,-2118,255,10766,5910,1276,
864,-1866,244,12012,5958,757,
817,-1445,131,12863,6385,1264,
469,-798,238,12365,6330,894,
305,-672,495,11323,6034,-292,
428,-1215,440,11446,5832,-227,
613,-1544,388,12615,6066,138,
642,-1070,330,13615,6550,713,
347,6,539,12701,6616,1284,
-171,731,799,10586,5856,1720,
-606,730,882,9128,4691,1160,
-638,523,938,8748,3713,360,
-292,572,1104,8400,3293,-295,
210,621,1182,8067,3605,-273,
487,630,1139,8283,4334,427,
471,694,1105,8820,5085,457,
301,513,1010,9709,5733,-44,
77,541,899,10561,5304,781,
-366,1278,1202,9000,4574,961,
-505,1102,1280,7798,4138,335,
-432,876,1169,7632,3855,113,
-176,798,975,8252,3894,-77,
38,1028,925,8973,4322,-319,
-99,1598,933,9190,4449,401,
-382,2304,1002,8096,4548,493,
-672,2576,1093,6187,4488,240,
-717,2039,1091,5206,4163,45,
-577,1404,1010,5340,4113,28,
-546,1219,920,5595,4348,469,
-760,1143,820,5789,4493,735,
-1057,1110,820,5977,4169,631,
-1129,1222,877,6061,3977,-451,
-1027,1454,824,6252,3593,126,
-901,1746,883,6188,3506,224,
-986,2073,810,5164,3064,227,
-1072,1955,669,4699,2284,1088,
-985,1747,468,5064,1959,508,
-833,1788,425,5219,2052,-173,
-794,1940,295,5749,2084,1368,
-940,2475,213,5843,2287,1740,
-1215,2833,353,5366,2381,296,
-1217,3028,478,4542,2150,-20,
-1102,3179,494,3621,1924,550,
-1162,3262,380,2775,1838,795,
-1365,3227,322,2189,1664,824,
-1576,3435,270,1648,1132,835,
-1563,3752,344,691,696,145,
-1526,3670,404,-409,305,-208,
-1461,3514,475,-1327,65,-446,
-1448,3272,331,-1776,-277,-549,
-1472,3350,377,-2346,-922,-460,
-1480,3617,517,-3454,-1543,-1022,
-1419,3693,560,-5207,-2260,-963,
-1362,3315,482,-6639,-3128,-331,
-1432,2776,351,-7118,-4033,17,
-1323,2594,308,-7359,-4425,-1293,
-1043,2414,352,-7911,-4563,-1629,
-722,2244,409,-8556,-4352,-859,
-626,1930,418,-8861,-4031,-443,
-702,1537,529,-8610,-3728,-641,
-912,1452,667,-8349,-4067,-1249,
-1005,1630,527,-8788,-4681,-1266,
-597,1415,634,-8180,-4160,-2201,
-418,1711,745,-7762,-4118,-769,
-433,2081,886,-8617,-4126,41,
-567,2121,867,-9847,-3592,-1705,
-740,1683,827,-10726,-4066,-1172,
-818,957,682,-10281,-4717,-761,
-787,715,748,-9346,-4915,-2214,
-591,930,790,-9276,-5019,-2498,
-397,945,866,-9307,-5078,-2011,
-248,1042,948,-9342,-4762,-1700,
-524,1251,1022,-10450,-5132,-610,
-648,685,813,-10681,-5929,-1387,
-389,58,806,-9830,-6586,-3707,
406,-502,964,-7967,-6246,-4841,
1231,-703,985,-5879,-4828,-2145,
1058,-25,1264,-6055,-3382,1608,
-113,691,1168,-7835,-3122,1728,
-1175,654,891,-9656,-4478,-724,
-1357,1,515,-10048,-6731,-1704,
-727,-97,521,-10312,-7961,-2097,
12,-48,555,-11177,-8213,-1199,
451,-426,456,-11828,-8049,-688,
710,-1376,478,-11045,-7793,-2216,
1283,-2423,735,-8700,-7612,-3599,
2562,-3183,950,-4519,-5973,-4179,
3425,-2595,1128,-995,-3052,280,
2668,-348,1251,-1187,-380,4149,
208,1529,1261,-5120,-763,2840,
-1414,1256,639,-9512,-3561,-2354,
-948,-720,-6,-10473,-6203,-5204,
499,-2165,-195,-9241,-7044,-2334,
992,-1967,-72,-9113,-6820,1947,
267,-1312,-51,-10913,-7255,2881,
-244,-1540,-394,-12107,-8833,75,
627,-2723,-461,-11133,-10233,-4369,
2632,-3877,-404,-7258,-9691,-5138,
4121,-3604,122,-4406,-7236,3275,
4796,-2676,1041,-2703,-4095,844,
4568,-2415,1130,-1660,-449,-2333,
4623,-2603,852,-1294,2482,2023,
2878,-3123,119,226,3654,5722,
827,-2718,-248,935,3155,2931,
-295,-2177,-143,-430,758,-203,
321,-2471,-195,-1667,-1000,-1289,
1335,-3198,-232,-1292,-1195,-261,
1610,-3180,-20,-603,-863,1222,
1321,-2651,223,-756,-1096,1065,
1555,-2846,483,-917,-1301,-1128,
2702,-4096,417,1709,-219,-1844,
3555,-4375,244,5602,1976,1182,
3055,-3280,267,7499,3968,3204,
1847,-2204,264,7058,4962,1648,
988,-2170,-76,6687,4449,316,
905,-2410,108,7564,3701,-495,
1231,-2205,143,8363,3375,-60,
1632,-1819,396,8259,3937,-352,
1863,-1888,443,8234,4881,-122,
1864,-2172,264,9335,5751,546,
1656,-2144,275,10599,6264,326,
1513,-1942,179,11766,6814,149,
1473,-1166,163,11556,8033,-889,
986,-541,423,10063,7754,934,
473,-804,408,9251,6820,1578,
305,-1354,341,10125,6518,-209,
612,-1258,388,11210,6392,-453,
818,-654,527,11260,6265,1557,
455,-101,705,10198,6247,2444,
-194,-318,658,9748,5621,1721,
-453,-544,701,9917,4734,608,
-236,-566,768,10464,3936,374,
387,-292,738,10849,4326,278,
551,317,732,10623,5020,1145,
96,902,865,9687,5170,1558,
23,761,787,9562,5632,-285,
61,358,633,11106,5573,-4,
96,1182,905,10830,5260,493,
-17,1520,923,10317,5578,-243,
-250,2230,1052,9022,5278,527,
-544,2451,1183,7301,4764,240,
-691,2293,1253,6200,4158,-240,
-563,2119,1133,5308,3973,-771,
-481,1454,2045,5070,4111,583,
-456,2053,1330,4048,4328,242,
-867,1182,773,4223,3655,1420,
-816,695,984,5417,4115,-213,
-844,652,955,6203,3906,629,
-853,1122,1085,6389,3628,1391,
-994,1656,1161,6024,3497,471,
-989,2063,1290,5123,3033,447,
-978,2165,1195,4135,2439,813,
-786,1920,1136,3737,2600,179,
-811,1830,993,3802,2537,799,
-864,1911,959,3776,2695,434,
-945,1888,876,3603,2713,492,
-935,1702,758,3883,2802,538,
-986,1628,772,4680,3087,304,
-1151,2052,883,4906,2782,1005,
-1340,2705,1076,4218,2067,1032,
-1482,3368,1263,2703,1293,600,
-1452,3627,1296,726,642,47,
-1428,3319,1328,-679,275,-259,
-1583,3135,957,-1254,-568,-78,
-1292,3150,782,-1832,-562,-1167,
-1219,2882,791,-2128,-608,-682,
-1268,2863,845,-2521,-635,-409,
-1387,2757,917,-2976,-755,-1152,
-1431,2606,961,-3629,-1298,-1000,
-1390,2359,928,-4125,-1758,-993,
-1129,2058,869,-4299,-1396,-1926,
-1103,1805,975,-4353,-1457,-1091,
-1359,1855,1011,-4391,-2314,-120,
-1469,2211,1069,-5142,-2985,-1558,
-1273,2120,1026,-5543,-3882,-1506,
-717,1991,959,-5543,-3735,-1332,
-519,2138,1018,-5863,-3392,-411,
-756,2163,917,-6245,-3423,102,
-818,2273,942,-6944,-2924,-2015,
-842,2164,1020,-8006,-3373,-1048,
-803,1937,971,-8621,-3607,-350,
-946,1922,980,-9357,-3964,-1190,
-1110,1664,1118,-10092,-5416,-1175,
-1042,1805,1073,-11719,-6714,-1604,
-502,848,1349,-11823,-7328,-3851,
42,-358,1207,-10714,-6029,-2196,
625,-110,1403,-9942,-3770,-2118,
-95,-778,1165,-7427,-4008,366,
-833,-186,925,-5758,-4854,-307,
-866,1140,1343,-7289,-5264,-3789,
-480,1235,960,-9063,-6152,-2243,
-216,1116,981,-10842,-6307,-622,
-330,493,725,-11262,-6414,-1418,
-281,-81,746,-11096,-7084,-2277,
118,-750,727,-10143,-7771,-2088,
803,-1209,768,-8725,-7290,-1914,
1141,-1386,963,-7908,-6486,-181,
1066,-1645,982,-7023,-5563,660,
869,-1672,970,-5453,-4851,-804,
681,-1075,1164,-4255,-4911,-1081,
779,-78,1170,-4611,-5159,-384,
867,516,1078,-6208,-5058,-558,
918,378,1039,-8047,-4422,-1819,
802,-639,718,-8865,-4408,-999,
592,-1750,421,-7944,-4641,61,
281,-1919,344,-7075,-5457,265,
397,-1550,371,-7862,-6422,-380,
937,-1902,311,-8659,-6495,-1036,
1459,-2744,119,-7391,-5807,-909,
1627,-2814,407,-5373,-5147,-320,
1570,-1969,649,-4588,-4851,-308,
1679,-1227,881,-5120,-4532,-1688,
2121,-1456,829,-5694,-3994,-2083,
2576,-2426,642,-4725,-2788,-1037,
2512,-2966,462,-3233,-1629,508,
2004,-2902,377,-2451,-1276,966,
1593,-2837,252,-2342,-1459,327,
1614,-2996,17,-2071,-1601,-151,
1702,-3121,30,-1602,-1587,-133,
1674,-3020,131,-1078,-1549,-189,
1657,-2696,266,-656,-1581,-744,
1867,-2435,552,-346,-1511,-1055,
2255,-2450,470,217,-1130,-549,
2578,-2508,552,1246,-133,-107,
2554,-2405,720,1964,847,328,
2503,-2459,667,2384,1725,19,
2560,-2897,529,3333,2632,270,
2578,-3158,320,4999,3837,1087,
2246,-2716,254,6002,4968,1398,
1650,-2228,275,6258,5163,1471,
1351,-2113,311,6618,5059,450,
1484,-2113,385,7454,5399,-569,
1596,-2032,406,8210,5646,757,
1588,-1926,431,8970,6139,937,
1416,-1828,478,9914,6693,447,
1189,-1598,322,10826,6741,977,
923,-1087,402,10946,6446,1334,
721,-674,510,10237,5918,1163,
723,-609,699,9255,5524,607,
876,-1140,731,8907,5477,262,
1234,-1684,576,10313,6122,257,
1344,-1316,531,11718,7333,1336,
831,-142,640,11361,7955,2018,
-77,761,841,9385,7061,1682,
-624,706,1028,7505,5368,635,
-425,103,1108,6975,4231,-828,
295,-449,1125,7902,4313,-761,
918,-383,951,9197,5967,141,
539,68,948,9374,6962,1651,
-283,455,1077,8470,6489,1531,
-648,156,964,8686,5588,-100,
-757,86,935,9113,4641,956,
-384,486,998,9080,4580,-372,
4,525,1031,9212,5105,-1119,
135,764,979,9189,5179,1223,
50,1094,907,9076,5470,1391,
-273,1348,899,8811,5537,398,
-423,1478,947,8495,5230,236,
-447,1652,955,7929,4955,622,
-422,1673,942,7234,5070,486,
-818,1217,889,6662,5218,1570,
-1005,1179,866,6622,4843,1622,
-1267,1191,792,6788,4134,866,
-1209,1390,674,6909,4226,-237,
-1158,1704,571,7033,3872,535,
-1072,2070,468,6983,3589,733,
-1034,2286,561,6633,3435,-152,
-956,2437,653,5859,3060,248,
-820,2402,731,5033,3049,966,
-952,2261,670,4739,3327,1384,
-1290,2441,551,4392,3338,1598,
-1648,2534,437,4104,2858,1097,
-1716,2568,477,3704,2249,132,
-1630,2454,553,3477,1695,107,
-1425,2573,492,3217,1345,562,
-1251,2816,385,2783,1335,651,
-1248,2810,379,2380,1384,879,
-1319,2769,474,2067,1308,670,
-1492,2511,785,1807,762,-36,
-1606,2825,366,1088,-307,1335,
-1495,2820,515,894,-619,257,
-1513,3075,533,420,-803,-76,
-1528,3346,557,-619,-1256,383,
-1626,3369,609,-1652,-1827,-277,
-1656,3332,530,-2656,-2697,-440,
-1542,3131,538,-3414,-3421,-646,
-1293,3135,479,-4195,-3706,-1186,
-1043,3189,404,-4999,-3956,-625,
-866,3210,345,-5851,-3920,-161,
-786,3177,372,-6634,-3639,-501,
-920,3144,432,-7432,-3908,-398,
-964,3168,493,-8396,-4415,-272,
-873,3079,951,-9388,-4824,-1413,
-847,3487,275,-12539,-5802,-1358,
-209,2229,-61,-13349,-4693,-1296,
57,864,287,-10944,-3300,-444,
-422,1060,209,-9480,-3422,757,
-778,1457,628,-9304,-3360,-2143,
-865,1955,731,-10757,-3956,-2471,
-722,1851,662,-12102,-4946,-1074,
-495,1507,525,-12320,-5070,-2729,
-97,1201,439,-11662,-4477,-4173,
33,1484,875,-12508,-4441,-2016,
155,906,489,-12600,-3746,-1559,
-440,374,364,-12055,-3773,-2247,
-704,-50,558,-11580,-4011,-3914,
-864,-546,389,-10736,-5001,-2515,
-847,-536,601,-10400,-5458,-2827,
-777,-604,551,-10088,-6096,-3003,
-530,-714,673,-10132,-6924,-2857,
-57,-1302,655,-9571,-7225,-3076,
602,-2029,665,-7822,-6788,-3227,
1097,-2409,943,-5807,-5833,-2222,
1118,-2240,1049,-3502,-4738,-450,
551,-1131,1188,-2579,-4236,769,
-297,349,1172,-3795,-4634,116,
-856,1432,1026,-6622,-6049,-1728,
-717,1519,771,-9527,-7755,-3074,
-24,736,267,-11319,-8739,-2696,
556,-314,13,-12209,-8998,-1721,
957,-1537,-90,-11871,-8861,-2018,
1281,-2602,-141,-9896,-8543,-1796,
1462,-2922,57,-7971,-8460,-467,
1710,-2891,341,-6133,-8039,-1148,
2267,-2548,623,-4046,-7011,-2240,
3045,-1781,786,-2985,-5164,-1328,
3068,-1094,942,-3156,-2989,1153,
2263,-560,704,-3893,-1971,2867,
1481,-287,541,-5098,-1754,-382,
991,-621,148,-6501,-2604,-689,
1015,-1166,-259,-7669,-3386,-1,
933,-1890,-541,-8332,-4228,-15,
1105,-2590,-653,-8710,-4952,-933,
1656,-3559,-639,-8220,-5332,-1632,
2538,-4704,-493,-6249,-4812,-2138,
3390,-5415,-356,-2967,-3276,-1461,
3861,-5256,-108,556,-1001,64,
3496,-4183,7,2807,881,2240,
2472,-2819,29,2897,1732,2334,
1481,-2248,-132,2013,1329,673,
1272,-2366,-217,1641,585,-770,
1724,-2659,-186,2113,257,-852,
2308,-2875,-74,3048,736,-675,
2695,-3015,178,3524,1772,-27,
2897,-3435,-4,4720,2961,812,
2829,-3709,-58,6697,4114,1209,
2675,-3460,-83,8697,5080,1828,
2461,-2968,-238,10446,5905,2359,
2127,-2439,-360,11568,6645,2475,
1738,-2134,-442,12306,7253,1737,
1405,-2095,-416,13123,7597,1338,
1280,-2052,-612,14789,8356,814,
1002,-1439,-698,15673,8450,1337,
678,-556,-543,14795,8183,1504,
369,-92,-201,12717,7917,162,
242,-382,175,11113,7122,-5,
177,-1304,52,11814,6227,1180,
446,-1446,25,13546,6439,53,
732,-659,106,13916,7318,332,
361,313,276,12746,7338,3214,
-575,868,498,10851,6337,2036,
-1173,585,528,10274,4635,-240,
-819,659,648,10362,3076,-987,
232,991,838,9878,3248,-1255,
945,909,924,9429,4319,-600,
1222,261,574,10532,6440,-104,
342,643,515,11574,6750,1572,
-353,1390,663,11355,6228,112,
-920,1712,868,10541,4933,-573,
-814,2140,882,9024,3720,-546,
-281,1871,951,8197,3599,-1342,
157,1701,1083,7345,4244,-685,
185,1486,961,6651,4775,865,
-249,1010,834,6863,4844,1790,
-623,809,729,7632,4809,-11,
-816,855,639,8279,4249,-448,
-621,1095,612,8503,3901,-340,
-328,1284,602,8606,4363,-1216,
-23,1550,560,8453,5240,-1551,
64,1892,493,8123,5544,1100,
-333,2206,490,7766,5870,1928,
-1155,2597,396,7087,5736,1332,
-1822,2839,400,6113,4177,1039,
-1735,2860,646,4764,2723,-1189,
-1293,2508,708,3603,1674,-1196,
-704,2126,408,3584,1524,984,
-366,1903,158,4575,2738,641,
-611,2000,243,5110,3639,743,
-1409,2586,661,4220,3196,2233,
-1752,3162,275,3569,2463,1013,
-1664,3426,226,2818,1968,-1339,
-1155,3176,306,2211,1822,-614,
-1030,2913,206,2186,2065,747,
-1460,3016,154,1948,1864,926,
-1785,3065,246,1536,1240,-200,
-1710,2967,248,1094,561,-809,
-1556,2896,348,651,20,-331,
-1374,3005,300,516,57,-556,
-1551,3419,481,-197,-118,-384,
-1755,3816,458,-1907,-886,-236,
-1894,3841,377,-3440,-1850,-972,
-1829,3769,375,-4976,-3007,-782,
-1622,3641,258,-6201,-3950,-636,
-1247,3393,112,-6868,-4292,-881,
-790,3171,140,-7245,-4006,-1158,
-647,3016,139,-7703,-3829,-194,
-741,2909,162,-8609,-3516,-690,
-708,2537,299,-9209,-3361,-1615,
-778,2148,347,-9592,-3875,-164,
-791,2009,389,-9882,-3920,-651,
-845,1879,356,-10035,-4089,-1559,
-798,1733,464,-10277,-4525,-859,
-707,1621,539,-10645,-4703,-940,
-560,1296,528,-10897,-4463,-2308,
-538,765,474,-10289,-4520,-2029,
-594,312,522,-8957,-4608,-1178,
-662,404,749,-7936,-4209,-2605,
-770,945,937,-8023,-4633,-2426,
-810,1085,932,-8397,-5318,-1611,
-511,1603,920,-9642,-4933,-3267,
-735,768,416,-8770,-5542,-862,
-662,1236,816,-8932,-5456,-1295,
-1242,1795,811,-10758,-6887,-358,
-1030,1711,678,-12363,-8024,-3323,
-420,506,453,-12079,-9097,-3601,
727,-690,310,-10028,-8525,-3456,
1583,-868,972,-7741,-6409,-3891,
1714,-601,1063,-6868,-4707,386,
1208,-80,966,-6984,-3078,866,
-89,281,1025,-7951,-3196,200,
-945,443,731,-8926,-4855,-205,
-1320,440,490,-10167,-7072,-721,
-926,161,252,-11521,-8574,-2530,
-203,-623,13,-12037,-9456,-2364,
448,-1480,-42,-11551,-9946,-591,
1160,-2105,137,-9643,-9023,-2256,
1718,-2385,522,-7695,-8239,-2399,
2575,-2514,714,-5325,-6508,-1546,
2719,-1857,759,-3237,-4473,1487,
2000,-308,862,-3471,-3187,3348,
853,1026,746,-6201,-3166,1931,
-29,1080,369,-9755,-4436,-253,
-162,-316,-324,-11403,-6309,-1601,
330,-1977,-771,-10552,-7643,-1470,
1005,-2449,-1021,-9640,-8239,857,
1250,-2346,-790,-10385,-8580,1816,
1865,-3338,-293,-10381,-8327,-4315,
3466,-5463,-612,-6768,-6773,-5967,
4973,-6081,-494,-1585,-3846,1047,
4529,-4592,142,1568,-552,5656,
2701,-2291,350,1585,1128,3834,
1163,-765,216,-132,593,-84,
734,-274,51,-2387,-1129,-2124,
1286,-759,-65,-4321,-2000,-2962,
2057,-1923,-121,-4884,-1690,-2575,
2329,-2979,-242,-4190,-1184,-755,
2252,-3651,-278,-2965,-862,-467,
2319,-4077,-242,-1274,-690,-1067,
2777,-4090,-128,940,-333,-58,
3033,-3771,349,2483,203,3505,
3034,-3373,-202,4035,1182,3754,
2962,-2950,-339,5496,3071,82,
2911,-2454,11,5476,4364,523,
2709,-2660,-149,5957,5275,2300,
2254,-2895,-425,7636,6090,2090,
1762,-2516,-395,8834,6424,1659,
1444,-1847,-273,8994,6423,1698,
1259,-1422,-120,8379,6356,1132,
1372,-1800,169,7938,6235,-210,
2108,-2970,155,9797,6746,-1086,
3153,-3681,-239,13904,9071,236,
3302,-2799,-986,17385,12168,3417,
1890,-835,-1465,18259,14205,4273,
-441,1223,-935,14781,12887,3272,
-2328,1687,24,9541,8568,1191,
-2581,264,510,6849,4220,-1996,
-686,-1752,556,7668,3089,-5113,
1776,-2914,296,11007,5122,-2008,
2642,-2200,161,13743,8167,5148,
1115,-624,-138,14735,9682,7077,
-1083,1277,325,12783,8324,3614,
-2138,1707,760,9731,5716,-563,
-1335,900,701,8933,4010,-3254,
-24,403,678,9526,3810,-759,
859,779,865,9401,5115,2112,
583,946,811,9446,6598,1776,
-213,1080,823,9475,6338,1808,
-658,1205,950,9407,5343,903,
-617,1635,1032,8693,4816,-219,
-332,1743,1121,7464,4855,-265,
-176,1358,1086,6853,5138,689,
-329,1191,895,6928,5515,1290,
-734,1122,812,7211,5571,739,
-1056,1043,800,7531,4995,516,
-1100,1068,880,7521,4336,256,
-900,1065,915,7384,3954,-258,
-604,1084,885,7315,3950,326,
-516,1192,768,7286,4213,1209,
-746,1420,617,7522,4414,1486,
-1151,1853,579,7460,4097,1320,
-1476,2258,661,6867,3252,1190,
-1403,2439,749,5925,2639,-3,
-1090,2326,634,5271,2329,-228,
-679,2003,589,4952,2553,323,
-533,1647,567,5237,3195,908,
-817,1754,425,5653,3361,1902,
-1194,2047,513,5689,3144,1812,
-1502,2412,600,5062,2557,876,
-1475,2540,632,4128,1919,232,
-1248,2348,492,3518,1598,321,
-1024,2125,266,3738,1645,605,
-1002,2169,37,4357,1845,807,
-1038,2486,-36,4872,2048,974,
-1149,3054,148,4815,2127,1130,
-1446,3865,401,3597,1881,1359,
-1752,4479,322,1390,1303,255,
-1810,4161,311,-483,804,-1355,
-1678,3425,309,-1285,227,-561,
-1620,2972,294,-1301,-116,-17,
-1846,3078,349,-1531,-605,-143,
-1995,3548,367,-2619,-1574,-398,
-1963,3794,511,-4349,-2590,-788,
-1809,3739,511,-6183,-3391,-566,
-1685,3463,211,-7626,-4089,-337,
-1551,3043,84,-8298,-4656,-466,
-1390,2716,86,-8550,-5083,-578,
-1288,2601,36,-8958,-5516,-396,
-1075,2436,136,-9296,-5681,-945,
-841,2128,210,-9629,-5866,-1266,
-427,1757,202,-9649,-5536,-1295,
-92,1340,224,-9094,-4636,-1390,
-67,1031,428,-8014,-3772,-988,
-318,1237,579,-7431,-3449,-603,
-645,1542,739,-7633,-3504,-1075,
-746,1755,822,-8420,-3683,-1681,
-813,1628,790,-9178,-4060,-1128,
-941,1395,774,-9587,-4404,-1061,
-1133,1260,764,-9852,-5040,-1267,
-1213,1245,771,-10258,-5923,-976,
-1229,1440,710,-10905,-7155,-941,
-985,1454,826,-12154,-8154,-2534,
77,621,298,-11961,-7832,-4655,
751,-687,743,-10090,-7279,-2689,
1533,-1047,1209,-7972,-4919,-4488,
1624,-1743,1172,-4472,-2947,-3265,
1392,-1069,1214,-1835,-901,-944,
73,715,1470,-2327,-758,1058,
-1375,2260,1287,-4972,-2434,-360,
-2240,2878,1167,-9290,-5717,-3267,
-1554,1755,812,-12090,-8247,-5849,
136,-108,267,-11630,-8790,-4162,
1023,-1014,466,-10623,-8271,942,
840,-1246,593,-10120,-7132,2405,
184,-1085,596,-10169,-6836,1659,
-292,-1121,558,-10378,-8017,743,
295,-1525,409,-9203,-8093,-3778,
1200,-1819,523,-7724,-7930,-2425,
2299,-1831,893,-5805,-6212,-2465,
2356,-1476,1141,-4493,-4245,-484,
564,150,902,-5919,-3152,782,
243,27,618,-7671,-4042,-856,
17,-688,164,-8808,-5498,-1112,
223,-1321,-181,-9361,-6523,-512,
265,-1475,-286,-9917,-7391,1494,
21,-1336,-547,-10914,-8283,3341,
123,-1593,-165,-11458,-9551,-1608,
1421,-3109,-133,-8511,-10237,-8174,
4246,-4087,423,-3586,-8383,-5521,
6024,-3240,899,-321,-3996,2788,
5538,-1384,1113,-30,1579,3915,
3037,-310,702,-2998,3900,5219,
378,-1197,-107,-4583,2674,2189,
-918,-2547,-696,-3611,-776,-2088,
6,-2698,-701,-2784,-3275,-2809,
1421,-2038,-426,-4439,-3633,156,
1646,-1923,-383,-6851,-3119,2088,
1116,-2620,-435,-8063,-3599,1132,
1492,-4124,-335,-6345,-4100,-4031,
3362,-5642,-73,-1621,-3284,-5180,
5128,-5559,92,3541,-180,1211,
4755,-3975,-13,6490,3729,5377,
2450,-2016,205,5918,5107,4113,
651,-1270,-151,4059,3814,356,
430,-1828,-276,3445,2125,-2387,
1375,-2442,-285,3554,1593,-2320,
2308,-2882,-13,3835,2188,190,
2456,-2900,59,4747,2973,2917,
1918,-2634,49,5404,3191,3422,
1647,-2657,146,6026,3236,1247,
1997,-3004,-12,7759,3892,122,
2340,-2909,-51,9973,4959,1706,
2295,-2321,-11,11448,6272,2154,
1965,-1701,-62,12223,7538,1173,
1576,-1349,-112,11955,8149,843,
1153,-1495,-234,11948,8310,954,
658,-1489,-296,12457,7973,1093,
213,-1089,-10,12002,6964,1217,
100,-996,156,11353,6096,53,
402,-1055,249,11521,5842,-515,
758,-639,334,12034,5748,1711,
735,241,664,10898,5948,2938,
222,457,845,8971,5962,1471,
-214,-73,738,8539,5288,363,
-115,-365,755,9347,4587,-62,
402,135,965,9524,4932,-1487,
705,608,1083,8855,5651,-1190,
624,748,1179,7925,5980,376,
176,409,1029,7886,6073,-360,
-83,115,1070,8339,5725,-1042,
-34,474,1052,8590,5317,-34,
45,860,1119,8317,5382,969,
-76,1172,1234,7281,5558,1394,
-248,1178,1095,7053,6249,1173,
-680,1102,838,8405,6625,92,
-1216,1456,1128,9017,4820,785,
-1642,2567,1683,6327,1748,2481,
-719,3186,2196,1349,1631,-1769,
259,1238,1467,-390,2539,-1150,
992,-1372,822,4626,4469,2629,
-392,-13,1085,7943,3698,8828,
-1931,4089,2552,1631,1326,5333,
-1410,2493,1913,-3101,1578,-4987,
577,-1738,684,2109,2336,1977,
131,-27,845,5803,2937,8921,
-2037,2332,1682,2708,3065,-407,
-769,473,1209,3096,2639,-2142,
115,308,1060,4659,2700,3616,
-1179,1416,1275,4435,2636,2082,
-1017,1374,1192,4824,2159,-307,
-482,1594,1236,3963,1520,1616,
-965,2216,1599,1412,108,1732,
-1015,2169,1803,-582,-633,280,
-701,1708,1654,-1009,-437,225,
-904,1586,1499,-445,-85,-391,
-1029,1401,1197,508,25,-441,
-1277,1568,1191,1150,-217,478,
-1071,2417,1541,234,-150,699,
-659,2756,1796,-1868,680,1794,
-1248,1910,1510,-1205,875,1438,
-1081,1799,1429,533,959,1066,
-1029,1969,1579,1977,1396,733,
-941,2401,1948,2506,1960,-426,
-846,2447,2078,2401,2580,-575,
-1087,2416,1814,1668,2164,-652,
-1116,2494,1759,389,1312,-655,
-995,2085,1496,740,938,-825,
-855,2239,1576,867,1194,-1113,
-890,2469,1623,135,1074,-1242,
-1056,2325,1505,-699,352,-1300,
-984,2364,1436,-1629,-88,-1377,
-896,2128,1404,-2217,14,-1801,
-922,2298,1535,-3044,-119,-2247,
-962,2067,1308,-3536,-450,-2587,
-852,1785,1201,-3480,-666,-2696,
-947,1675,1170,-3357,-838,-2676,
-722,1596,1141,-2890,-606,-2639,
-1185,1469,1050,-1920,-3016,-2358,
-1290,1683,1831,-1036,-3637,-3884,
-638,1683,592,-1291,-4357,-2724,
-611,2684,1791,-5865,-3039,-4709,
-577,1074,1148,-4763,-3632,-3711,
-1069,702,958,-3251,-5170,-2731,
-165,863,1470,-3634,-4547,-1697,
-303,1053,1312,-5402,-3513,-2123,
-789,784,1201,-5812,-3530,-2571,
-452,393,954,-4974,-3701,-938,
-483,806,1180,-5314,-2856,-1422,
-487,835,1329,-5659,-2689,-1672,
-346,619,1312,-5452,-2590,-1667,
-299,674,1338,-5280,-2799,-1518,
-328,846,1406,-5679,-3169,-2349,
-204,224,1333,-5659,-3231,-2666,
-163,-217,1337,-5144,-3222,-2273,
-118,-418,1331,-5013,-3192,-2210,
-156,-581,1498,-4993,-3162,-1984,
-139,-843,1397,-4320,-3169,-1414,
-174,-451,1546,-4016,-3364,-1445,
286,-641,1696,-2976,-3192,-881,
402,-608,1893,-1715,-2709,-198,
386,-406,1836,-508,-2251,189,
242,-141,1584,182,-2141,136,
30,147,1586,-388,-2221,-568,
264,-69,1679,-861,-1900,-773,
334,-188,1786,-1230,-1651,-696,
306,-491,1760,-1385,-1456,-625,
335,-939,1663,-604,-1027,-104,
313,-885,1752,20,-717,-1,
307,-686,2004,439,-669,-85,
349,-643,1991,946,-717,-339,
337,-477,2051,1397,-813,-537,
368,-337,2031,1517,-862,-691,
401,-246,2051,1307,-831,-767,
465,-147,2211,601,-739,-762,
535,-157,2474,-642,-757,-825,
637,-309,2556,-2051,-707,-738,
590,-421,2534,-3169,-809,-724,
619,-735,2506,-3698,-911,-751,
722,-1198,2381,-3080,-804,-736,
805,-1527,2628,-2316,-729,-699,
853,-1710,2726,-1439,-573,-550,
835,-1801,2727,-707,-393,-299,
768,-1510,2745,-726,-465,-156,
802,-1326,2758,-961,-504,82,
816,-1174,2653,-1004,-514,377,
807,-844,2529,-1197,-524,681,
756,-695,2339,-1416,-532,963,
693,-778,2096,-1061,-451,1377,
592,-642,2026,-749,-363,1561,
576,-742,1941,-382,-329,1682,
636,-851,1986,161,-221,1696,
764,-987,1960,947,69,1996,
540,-907,1744,1287,31,1842,
501,-1009,1790,1709,57,1737,
578,-920,1841,2006,112,1841,
625,-633,1854,1847,99,1981,
659,-477,1768,1747,148,2166,
512,-196,1674,1672,361,1993,
451,-123,1614,1580,543,1821,
301,-94,1600,1460,563,1671,
177,-95,1589,1040,440,1517,
154,-332,1580,865,420,1511,
230,-442,1570,1115,540,1644,
173,-271,1601,1204,476,1670,
160,-154,1604,1114,400,1488,
168,-222,1602,1376,359,1387,
260,22,1672,1193,160,1360,
310,55,1636,1303,125,1550,
342,94,1728,1555,310,1801,
291,247,1680,1620,394,2066,
66,381,1574,806,-30,1881,
-36,285,1513,698,-379,1675,
-105,291,1619,590,-675,1291,
-95,271,1638,556,-965,962,
0,233,1678,737,-1204,790,
6,237,1778,814,-1358,709,
40,151,1714,723,-1352,867,
36,138,1719,366,-1198,1140,
26,89,1664,212,-1096,1463,
222,-14,1625,449,-505,1649,
30,230,1858,699,13,1994,
830,706,1927,938,2061,940,
-830,610,2073,1064,589,805,
-34,603,2052,1354,984,42,
-638,414,2001,1646,553,-79,
-287,356,1885,1852,302,-30,
-346,269,1857,1787,49,21,
-318,182,1866,1268,-23,372,
-364,109,1851,1208,-50,830,
-349,179,1899,1378,37,1204,
-375,517,2170,1448,320,1283,
-338,661,2328,1813,593,1211,
-325,902,2616,2085,866,816,
-315,976,2827,2487,1291,432,
-148,1106,2791,3075,1630,120,
-185,1175,2754,3253,1828,-390,
-181,1143,2658,3424,2214,-562,
-295,1424,3195,2755,2586,-576,
-264,1341,2896,2769,3080,-549,
-461,1498,2704,2068,2932,-959,
-628,1498,2664,1521,2538,-1283,
-577,1333,2566,1310,2258,-1489,
-584,1148,2572,1360,2182,-1520,
-526,1094,2523,1742,2583,-1589,
-464,886,2308,2548,2999,-1469,
-620,1249,2159,2540,2873,-1917,
-631,1090,1847,1996,1879,-1873,
-654,942,1829,1743,1282,-1526,
-655,1079,1820,1379,1164,-1411,
-591,1152,1877,1004,994,-1200,
-580,1251,1875,447,701,-1150,
-624,1432,1964,-303,392,-1467,
-542,1343,1902,-578,229,-1621,
-409,1415,1926,-412,400,-1822,
-373,1343,1707,-205,232,-2282,
-414,1166,1639,-78,-15,-2435,
-431,896,1595,35,-277,-2267,
-463,709,1551,100,-472,-1961,
-495,775,1582,-163,-614,-1654,
-539,783,1528,-658,-784,-1516,
-572,718,1501,-1007,-991,-1279,
-506,591,1429,-914,-1043,-1030,
-433,661,1491,-896,-1232,-1106,
-401,833,1472,-817,-1501,-1295,
-321,928,1384,-521,-1666,-1563,
-245,829,1283,-149,-1754,-1859,
-151,580,1355,-122,-1859,-1985,
-90,160,1403,-34,-1623,-1602,
-162,148,1607,-688,-1720,-1244,
-193,138,1712,-1509,-1904,-970,
-97,-23,1550,-1565,-1763,-529,
-178,-35,1635,-1596,-1917,-431,
-51,-107,1656,-1351,-2115,-248,
26,161,1697,-878,-2278,-304,
52,312,1597,-411,-2559,-681,
114,325,1474,231,-2687,-1104,
146,344,1531,357,-2598,-1434,
210,367,1702,-294,-2340,-1531,
304,373,1939,-1466,-2126,-1285,
323,249,1969,-2649,-1975,-982,
345,71,1868,-3350,-1753,-690,
285,-293,1797,-3170,-1614,-463,
435,-484,1881,-2217,-1410,-154,
435,-320,2079,-1356,-1411,-104,
341,-83,1847,-526,-1586,-301,
301,66,1751,23,-1728,-617,
362,258,1874,-198,-1714,-815,
433,510,2001,-1235,-1774,-1114,
525,396,2102,-2562,-1801,-1336,
718,23,2415,-3830,-1654,-1143,
724,-301,2483,-4726,-1597,-1044,
737,-888,2384,-4517,-1516,-1041,
928,-1356,2570,-3493,-1229,-761,
1005,-1341,2796,-2431,-959,-599,
987,-1341,2857,-1599,-772,-559,
990,-1405,2824,-876,-512,-321,
963,-1278,2742,-501,-244,-81,
899,-1144,2824,-627,-86,188,
906,-999,2757,-800,74,530,
809,-863,2565,-908,114,752,
794,-651,2466,-954,153,890,
799,-477,2366,-812,230,950,
788,-439,2295,-665,175,1013,
794,-533,2220,-383,182,1137,
736,-566,2156,-216,170,1157,
689,-693,2162,-216,211,1180,
775,-886,2139,112,441,1427,
737,-840,2096,440,584,1698,
689,-789,1920,1052,776,1947,
588,-587,1892,1092,884,1856,
603,-465,1864,1008,947,1663,
646,-436,1773,1300,1064,1625,
679,-306,1798,1474,1205,1548,
684,-236,1738,1622,1383,1557,
618,-203,1606,2167,1655,1667,
539,-116,1679,2230,1866,1606,
392,-93,1604,2292,1989,1513,
212,-127,1606,2184,1898,1525,
128,-298,1518,2267,2041,1592,
46,-238,1523,2445,2188,1890,
51,-31,1555,2484,2320,2096,
126,-3,1602,2318,2319,2175,
86,168,1611,2292,2214,2060,
-34,453,1593,2000,1903,1693,
47,318,1499,1958,1889,1603,
-74,583,1601,1763,1699,1323,
-83,768,1589,1608,1540,1030,
-102,801,1627,1465,1379,658,
-99,686,1661,1399,1342,414,
-199,719,1699,1288,1306,376,
-315,777,1661,1038,1212,286,
-358,639,1650,748,1162,332,
-434,595,1642,549,1126,419,
-510,627,1608,248,882,451,
-539,604,1598,-87,436,414,
-526,412,1572,-212,22,431,
-498,296,1663,-22,-232,641,
-495,361,1785,-46,-496,882,
-440,451,1853,-16,-558,1120,
-414,919,1966,-242,-568,1136,
-400,897,1986,-420,-547,1107,
-393,941,2038,-681,-565,1100,
-519,1020,2045,-1156,-867,1045,
-591,836,1935,-1174,-1076,1108,
-559,717,1910,-949,-1112,1286,
-569,698,2011,-873,-1152,1463,
-544,695,2004,-1127,-1444,1437,
-507,588,2194,-1252,-1424,1573,
-426,627,2314,-1135,-1159,1646,
-385,700,2442,-990,-939,1534,
-363,722,2545,-746,-721,1396,
-349,730,2551,-463,-506,1292,
-377,763,2510,-166,-412,1227,
-378,753,2526,106,-401,1128,
-286,736,2670,430,-251,1124,
-189,823,2858,658,143,988,
-137,852,2914,963,725,766,
-83,871,2924,1333,1534,482,
-125,821,2729,2001,2381,204,
-222,865,2557,2462,2888,-45,
-344,910,2377,2827,3147,-379,
-399,1026,2232,2917,3119,-660,
-487,1182,2088,2589,2716,-1060,
-529,1110,1953,2115,2105,-1175,
-543,1031,1903,1601,1313,-952,
-543,1072,1929,1112,769,-844,
-506,1132,1964,575,391,-936,
-523,1006,1917,126,53,-1002,
-613,973,1931,-439,-382,-1104,
-495,775,1806,-298,-419,-1134,
-494,840,1859,-395,-499,-1443,
-453,701,1839,-270,-542,-1395,
-383,592,1773,-39,-487,-1198,
-380,672,1777,71,-314,-1062,
-383,732,1729,-27,-230,-959,
-387,885,1712,-276,-249,-940,
-357,1021,1663,-527,-291,-1131,
-365,1006,1641,-715,-429,-1419,
-357,784,1600,-664,-626,-1633,
-269,546,1598,-249,-609,-1561,
-266,376,1551,144,-701,-1524,
-285,155,1533,254,-918,-1409,
-319,37,1592,204,-1047,-965,
-286,175,1656,-6,-1163,-547,
-196,213,1680,-233,-1104,-249,
-229,191,1601,-465,-1190,-169,
-303,194,1564,-616,-1336,-257,
-199,204,1622,-544,-1297,-297,
-148,435,1665,-559,-1367,-466,
-34,546,1634,-594,-1303,-604,
3,613,1647,-889,-1289,-818,
72,566,1608,-1118,-1308,-822,
156,540,1719,-1709,-1307,-469,
148,493,1830,-2590,-1402,-246,
133,231,1691,-2856,-1341,-158,
43,73,1583,-2743,-1342,-481,
48,-79,1619,-2285,-1421,-870,
165,-254,1685,-1392,-1505,-976,
178,-172,1737,-623,-1584,-1043,
244,-128,1899,-401,-1624,-1097,
337,-64,1996,-554,-1561,-942,
310,-33,1987,-1093,-1519,-776,
330,89,1937,-1841,-1447,-681,
386,247,2021,-2774,-1391,-589,
362,128,1919,-3402,-1394,-673,
328,-102,1700,-3100,-1407,-941,
391,-409,1581,-1691,-1393,-1202,
399,-400,1854,-613,-1469,-1498,
536,-390,2040,306,-1483,-1613,
573,-391,2176,585,-1420,-1480,
634,-329,2431,-183,-1272,-1202,
689,-409,2553,-1283,-1050,-866,
678,-563,2501,-2090,-832,-645,
673,-746,2527,-2637,-590,-671,
722,-927,2680,-3007,-414,-665,
774,-1049,2717,-2975,-324,-692,
916,-1390,2863,-2394,-136,-581,
972,-1612,2956,-1550,108,-278,
910,-1585,2995,-975,323,17,
926,-1490,2876,-481,598,494,
826,-1148,2848,-649,688,755,
768,-983,2629,-701,688,1073,
662,-860,2374,-466,670,1316,
548,-626,2185,-342,525,1259,
506,-500,2115,-283,370,1102,
592,-554,1998,137,377,1199,
540,-599,1980,592,475,1298,
472,-553,1965,891,522,1238,
530,-707,1976,1288,633,1331,
454,-768,1937,1634,625,1417,
432,-737,1910,1930,671,1439,
442,-660,1882,2244,663,1364,
493,-588,1915,2369,686,1551,
422,-488,1850,2286,736,1645,
455,-411,1843,2075,872,1829,
418,-266,1758,1981,970,1914,
328,-156,1663,1918,1040,1800,
288,-79,1639,1851,1053,1619,
290,-21,1602,1990,1099,1551,
289,55,1631,1928,1130,1543,
277,175,1627,1851,1158,1475,
252,264,1593,1883,1175,1309,
171,388,1591,1757,1096,1012,
160,283,1642,1677,948,854,
144,176,1667,1387,766,901,
36,256,1648,889,509,984,
15,213,1612,644,498,1195,
-122,375,1557,431,348,1179,
-108,474,1556,386,157,1111,
-54,528,1670,443,74,931,
-50,536,1704,608,67,766,
-57,534,1697,829,73,627,
-32,499,1760,955,155,597,
-28,491,1811,1010,280,519,
-28,474,1793,1086,376,476,
-119,466,1759,1114,350,418,
-147,398,1765,1177,292,465,
-176,471,1754,1065,353,467,
-251,599,1717,736,254,453,
-249,625,1756,169,129,353,
-204,572,1810,-406,233,286,
-303,482,1683,-892,182,227,
-321,301,1526,-1003,9,357,
-261,261,1527,-810,-140,635,
-273,457,1625,-614,-423,721,
-208,556,1763,-419,-692,770,
-123,648,1985,-330,-669,810,
-100,777,2144,-476,-562,856,
-127,796,2231,-680,-361,824,
-169,789,2268,-751,-84,785,
-266,818,2226,-761,118,549,
-361,725,2215,-833,182,347,
-434,620,2184,-820,185,313,
-506,593,2134,-950,32,348,
-537,451,2012,-838,-138,469,
-540,450,1993,-633,-355,556,
-526,451,2067,-373,-690,705,
-421,442,2395,34,-865,852,
-291,567,2892,414,-768,955,
-150,701,3282,664,-346,907,
-90,783,3568,868,296,820,
-38,787,3557,1154,1120,841,
-67,935,3358,1619,1922,732,
-142,1247,3126,1939,2456,69,
-199,1207,2866,2267,2657,-419,
-271,1261,2658,2408,2480,-608,
-298,1346,2459,2440,2089,-709,
-289,1379,2332,2426,1747,-726,
-288,1378,2233,2370,1534,-717,
-319,1374,2144,2191,1403,-794,
-309,1282,2038,1938,1229,-674,
-362,1215,1881,1797,1050,-525,
-408,1344,1690,1500,812,-1006,
-467,1278,1588,1030,399,-1520,
-435,1212,1648,229,-126,-1706,
-379,1136,1729,-517,-394,-1580,
-300,983,1788,-1074,-328,-1312,
-284,773,1685,-1283,-263,-1147,
-409,458,1568,-1094,-198,-1312,
-398,267,1518,-631,-191,-1390,
-360,196,1529,15,-162,-1254,
-410,398,1459,447,-236,-1367,
-456,654,1433,196,-619,-1770,
-374,650,1552,-633,-939,-1848,
-234,685,1514,-1298,-896,-1578,
-273,758,1513,-2336,-1101,-1461,
-270,867,1567,-3510,-1530,-1603,
50,662,1623,-3951,-1398,-1454,
149,331,1604,-3601,-1013,-1291,
97,58,1483,-2639,-684,-1100,
-90,122,1426,-2033,-916,-1367,
-126,175,1441,-1757,-1392,-1761,
-24,152,1560,-1905,-1775,-1941,
41,19,1573,-1938,-1851,-1850,
45,-151,1622,-2212,-1919,-1681,
30,-261,1650,-2563,-2006,-1501,
78,-295,1771,-2995,-2116,-1336,
258,-538,1755,-2808,-1962,-870,
307,-497,1830,-2303,-1807,-623,
245,-344,1646,-1457,-1681,-788,
184,-275,1521,-695,-1697,-1240,
272,-273,1664,-375,-1629,-1459,
352,-97,1845,-741,-1590,-1504,
405,-55,1883,-1399,-1621,-1485,
417,-160,1828,-1873,-1600,-1283,
467,-160,1957,-2521,-1565,-1055,
554,-256,1984,-2936,-1495,-789,
547,-356,1883,-2988,-1412,-651,
548,-393,1890,-2855,-1401,-803,
636,-538,1937,-2426,-1372,-1179,
771,-927,2098,-1812,-1199,-1339,
786,-1076,2144,-1254,-1044,-1441,
794,-1055,2242,-1138,-925,-1529,
915,-1155,2479,-1529,-840,-1483,
1076,-1517,2671,-1809,-543,-1002,
1060,-1763,2694,-1845,-190,-393,
1001,-1813,2730,-1908,81,15,
983,-1883,2637,-1543,325,283,
966,-1872,2567,-709,596,604,
835,-1545,2481,-88,702,709,
750,-1237,2374,497,742,784,
719,-1014,2246,1188,825,935,
631,-798,2141,1758,866,1100,
518,-604,2069,1799,825,1083,
522,-498,2084,1677,787,980,
536,-573,2084,1707,753,911,
511,-694,2021,1862,769,873,
489,-786,2051,1879,778,861,
540,-782,2100,1823,833,1027,
562,-704,2087,1691,829,1138,
576,-741,2004,1791,874,1258,
482,-725,1907,1979,937,1249,
450,-755,1803,2233,1074,1323,
392,-575,1802,2429,1156,1424,
363,-398,1787,2566,1248,1488,
351,-281,1753,2447,1353,1636,
230,-175,1799,1917,1269,1672,
233,-188,1740,1678,1236,1686,
234,-168,1674,1621,1222,1571,
255,-199,1707,1640,1181,1395,
272,-183,1657,1744,1124,1272,
258,-125,1661,1733,1045,1180,
237,18,1620,1816,1006,1101,
233,167,1615,1944,1001,984,
224,220,1632,2094,1066,917,
183,338,1667,2013,1148,958,
29,363,1573,1902,1104,951,
-52,405,1598,1616,1050,939,
-122,415,1610,1368,1009,885,
-193,327,1588,1213,874,805,
-231,358,1558,1210,705,643,
-226,349,1594,1396,498,476,
-195,355,1675,1526,337,433,
-153,418,1786,1700,344,621,
-111,544,1795,1835,524,863,
-205,717,1813,1605,505,776,
-219,749,1806,1514,571,702,
-224,741,1806,1431,689,675,
-292,847,1839,1044,772,583,
-346,785,1767,697,768,525,
-373,723,1724,403,711,499,
-398,616,1691,241,556,501,
-403,562,1695,195,358,496,
-407,525,1715,314,204,529,
-431,613,1762,481,25,546,
-438,663,1905,727,-152,548,
-595,812,2546,344,-394,438,
-325,614,2085,887,118,554,
-432,575,2108,1125,-52,621,
-381,836,2233,787,226,624,
-456,813,2192,498,252,605,
-391,766,2100,341,423,620,
-416,751,2013,184,487,670,
-472,700,1983,177,234,738,
-423,714,2092,417,14,830,
-302,890,2371,661,154,790,
-276,968,2553,1094,382,694,
-222,1057,2654,1605,849,553,
-259,1038,2657,2317,1380,461,
-380,1098,2588,2861,1568,392,
-333,1272,2490,3231,2159,381,
-473,1546,2390,3125,2334,238,
-505,1711,2194,2654,2276,-112,
-602,1797,2092,1954,2087,-448,
-633,1661,1969,1191,1514,-418,
-680,1593,1943,511,1020,-375,
-672,1564,1998,-72,683,-342,
-648,1572,2083,-669,429,-375,
-633,1511,2143,-1120,231,-502,
-658,1251,2177,-1173,56,-625,
-615,1011,2108,-699,73,-583,
-604,993,2041,-200,221,-601,
-601,1072,1917,203,212,-647,
-641,1234,1788,324,65,-803,
-625,1394,1717,87,-200,-1065,
-621,1556,1674,-668,-502,-1545,
-552,1642,1589,-1832,-818,-2102,
-549,1655,1615,-3059,-1191,-2652,
-532,1596,1562,-3889,-1573,-2897,
-567,1615,1512,-4996,-2113,-3251,
-767,1667,1487,-6800,-3154,-4094,
-371,1269,1417,-7491,-3268,-3767,
-425,1193,1345,-8228,-3371,-3802,
-345,1095,1304,-9101,-3646,-4009,
-163,422,1392,-8779,-3837,-3707,
-79,-235,1266,-7822,-3592,-3155,
-76,-597,1319,-6286,-3634,-2072,
-176,-624,1221,-5093,-3625,-1326,
-451,-348,1223,-4805,-4259,-1339,
-436,-128,1220,-5147,-5011,-1321,
-296,48,1198,-5751,-5419,-1217,
-373,320,1166,-6987,-5961,-1740,
-270,238,995,-8120,-6526,-1890,
-199,223,958,-9279,-7120,-2347,
261,-227,895,-9512,-7502,-2077,
730,-737,899,-8522,-7389,-1182,
1126,-1007,1073,-7184,-6593,405,
