-75,660,1728,1470,-631,642,
82,775,1737,1542,-622,192,
110,826,1869,1313,-696,364,
114,838,1927,1060,-669,124,
118,548,1877,1266,-653,463,
29,713,1871,1370,-670,421,
124,892,1881,1182,-679,584,
150,760,1871,1532,-628,556,
238,950,2040,1557,-660,486,
264,1092,2115,1244,-697,328,
370,1077,2162,1164,-557,309,
380,1070,2180,1244,-392,289,
342,1120,2180,1341,-308,48,
387,1312,2238,839,-210,124,
277,1154,2175,437,-188,111,
278,911,2132,642,-135,118,
283,1054,2146,656,-102,168,
256,1065,2192,506,-137,84,
278,935,2186,744,-127,210,
203,1040,2101,960,-188,23,
316,1144,2114,788,-163,86,
330,1164,2128,782,-57,15,
430,1404,2152,491,131,-269,
382,1318,2157,-23,172,-353,
368,1168,2178,-182,198,-527,
386,1075,2168,-330,290,-461,
317,1000,2108,-181,317,-460,
300,1084,2131,-342,339,-442,
313,867,2017,-193,427,-308,
252,971,1960,-107,511,-354,
213,1228,2002,-653,489,-490,
248,966,1916,-677,507,-527,
301,1077,1865,-691,640,-579,
237,1294,1943,-1535,673,-690,
221,1005,1825,-1745,757,-917,
228,1046,1866,-2086,896,-919,
159,1005,1831,-2523,1004,-1013,
153,751,1786,-2570,1097,-1005,
160,755,1805,-2664,1230,-1046,
77,687,1798,-2795,1307,-1176,
69,612,1781,-2789,1368,-1285,
10,559,1838,-2931,1460,-1447,
53,352,1756,-2641,1568,-1407,
-78,444,1755,-2670,1574,-1335,
-146,386,1784,-2860,1539,-1454,
-188,213,1753,-2810,1456,-1423,
-226,330,1801,-3100,1315,-1441,
-242,30,1741,-3074,1261,-1555,
-214,-145,1812,-2777,1111,-1204,
-87,186,1777,-3291,1391,-1332,
-345,-161,1778,-3200,1261,-1067,
-360,-98,1723,-3089,1136,-1018,
-321,-33,1717,-3173,1234,-1047,
-386,-209,1714,-2875,1190,-1143,
-318,-188,1769,-2522,1221,-1172,
-382,-120,1729,-2372,1263,-1303,
-476,-68,1745,-2369,1038,-1564,
-458,-191,1794,-2276,812,-1818,
-302,-418,1671,-1730,783,-1904,
-383,-398,1854,-1627,745,-1851,
-468,-534,1898,-1480,519,-1828,
-351,-713,1897,-1047,514,-1454,
-390,-480,1871,-910,584,-1244,
-557,-431,1862,-954,377,-1511,
-356,-504,1865,-699,399,-1366,
-467,-434,1854,-603,381,-1376,
-503,-416,1747,-358,228,-1501,
-557,-388,1731,-235,122,-1638,
-487,-355,1762,-141,33,-1679,
-458,-403,1849,-121,-77,-1681,
-364,-383,1988,-415,-108,-1495,
-344,-486,1979,-644,-68,-1353,
-352,-523,2055,-1013,-59,-1194,
-374,-609,2014,-1059,-98,-1273,
-364,-715,1948,-930,-72,-1260,
-350,-672,1985,-759,-47,-1148,
-395,-676,1932,-610,-48,-1142,
-418,-710,1884,-299,-121,-1095,
-448,-658,1971,-414,-181,-1157,
-373,-839,2054,-327,-197,-1058,
-269,-885,2159,-263,-69,-696,
-372,-857,2165,-424,28,-658,
-345,-963,2185,-438,104,-495,
-396,-947,2163,-470,160,-372,
-433,-959,2156,-479,171,-327,
-404,-944,2163,-449,209,-255,
-503,-997,2200,-519,184,-341,
-395,-1159,2200,-264,276,-106,
-425,-1001,2253,-177,342,36,
-473,-897,2250,-336,320,-15,
-434,-915,2265,-462,347,136,
-440,-951,2255,-431,364,359,
-474,-1006,2153,-162,374,596,
-522,-927,2125,68,313,708,
-532,-849,2109,122,248,763,
-552,-866,2090,144,201,851,
-545,-863,2023,207,159,990,
-602,-875,2028,170,60,965,
-528,-1009,2018,428,-17,1128,
-595,-984,1985,652,-100,1123,
-563,-992,1920,994,-210,1219,
-584,-984,1927,1173,-247,1277,
-582,-953,1855,1524,-316,1417,
-564,-777,1860,1728,-392,1524,
-524,-653,1917,1733,-464,1570,
-459,-589,1921,1772,-519,1683,
-459,-518,1905,1736,-573,1751,
-479,-562,1814,1836,-662,1849,
-521,-455,1782,1799,-792,1888,
-536,-451,1742,1735,-933,1842,
-505,-512,1699,1898,-1040,1954,
-528,-437,1671,2124,-1175,1915,
-462,-302,1715,1979,-1251,1901,
-456,-392,1695,2088,-1317,1932,
-407,-366,1684,2417,-1469,1894,
-402,-133,1729,2404,-1681,1558,
-230,-155,1804,2409,-1742,1474,
-228,-293,1766,2990,-1790,1500,
-142,25,1806,3055,-1678,1371,
-159,-32,1765,3182,-1667,1552,
-128,8,1705,3660,-1653,1453,
-54,432,1766,3318,-1553,1505,
-133,422,1751,2903,-1610,1370,
-3,325,1746,2763,-1478,1459,
-29,545,1787,2143,-1278,1497,
-61,296,1750,1854,-1146,1538,
114,223,1655,2015,-811,1659,
-240,219,1885,2192,-1089,1642,
24,561,1634,2452,-1277,1304,
175,596,1966,1907,-1074,1303,
83,98,1706,3155,-1132,1293,
139,866,1956,2476,-1126,1183,
94,468,1730,2639,-1128,1093,
112,567,1806,2650,-1111,1148,
102,710,1746,2429,-1117,1080,
143,752,1811,2300,-1077,966,
238,935,1887,1875,-974,1093,
179,1015,1860,1539,-935,929,
313,1124,1961,992,-708,905,
222,810,1942,862,-577,840,
279,772,1907,962,-418,896,
223,869,1882,799,-320,901,
166,709,1781,995,-325,835,
208,874,1795,1099,-363,692,
185,966,1856,750,-481,528,
239,720,1860,863,-513,549,
254,776,1924,1003,-500,576,
251,975,1947,716,-556,529,
289,965,1988,547,-551,356,
427,936,2038,505,-405,444,
414,989,2102,368,-276,328,
457,1079,2061,367,-177,274,
434,1301,2125,-79,-74,115,
458,1077,2068,-152,72,-13,
438,1030,2027,-61,268,47,
344,1084,1975,-53,322,-53,
323,1062,1996,-1,256,-98,
358,1048,2087,-3,220,-162,
421,977,2147,125,268,-97,
405,1058,2167,224,279,-167,
389,1243,2233,-112,205,-266,
438,1110,2235,-158,237,-361,
452,1122,2232,-216,332,-327,
358,1152,2195,-386,308,-417,
358,1112,2149,-452,324,-463,
338,1027,2163,-413,353,-510,
341,1055,2162,-401,397,-495,
269,1086,2083,-518,366,-579,
265,954,2044,-506,382,-576,
271,846,1988,-299,470,-505,
200,980,1916,-302,459,-598,
170,1004,1880,-452,403,-790,
194,878,1862,-389,404,-835,
241,994,1942,-532,462,-880,
254,1046,1953,-806,529,-929,
213,986,1915,-1005,550,-994,
207,939,1878,-1134,590,-1026,
142,980,1852,-1437,602,-1112,
181,848,1826,-1524,691,-1151,
186,865,1848,-1606,777,-1153,
146,955,1825,-1901,836,-1248,
159,825,1829,-2038,885,-1310,
141,802,1791,-2104,944,-1320,
78,841,1775,-2422,1006,-1415,
74,733,1776,-2731,1113,-1463,
91,638,1764,-2865,1280,-1455,
14,691,1811,-3170,1284,-1377,
50,582,1807,-3299,1327,-1473,
60,603,1813,-3553,1395,-1341,
-126,450,1759,-3768,1237,-1553,
-43,137,1725,-3366,1206,-1488,
-152,240,1794,-3312,1086,-1471,
-149,132,1868,-3329,1011,-1572,
54,196,1779,-3435,1362,-1331,
-311,155,1746,-3574,1206,-1454,
-188,146,1707,-3673,1177,-1378,
-247,29,1637,-3618,1333,-1287,
-338,89,1619,-3754,1287,-1256,
-398,124,1604,-4193,1227,-1422,
-313,-65,1655,-4311,1211,-1384,
-307,-68,1720,-4495,1201,-1300,
-280,-250,1758,-4551,1187,-1339,
-255,-493,1814,-4426,1153,-1213,
-282,-697,1783,-3858,1011,-1242,
-253,-718,1843,-3403,1089,-1193,
-386,-761,1798,-3010,922,-1237,
-350,-662,1818,-2802,785,-1247,
-363,-599,1758,-2719,736,-1283,
-407,-599,1720,-2661,609,-1358,
-383,-771,1659,-2604,621,-1437,
-459,-856,1617,-2463,538,-1264,
-502,-798,1622,-2308,439,-1376,
-368,-837,1654,-2079,498,-1360,
-440,-812,1725,-2018,430,-1396,
-385,-850,1741,-2004,426,-1432,
-358,-875,1769,-1918,411,-1378,
-340,-768,1857,-2069,387,-1423,
-261,-726,1864,-2274,446,-1307,
-306,-667,1858,-2774,456,-1280,
-300,-854,1823,-3133,444,-1258,
-267,-996,1769,-3216,509,-1041,
-397,-1047,1676,-3335,492,-1134,
-386,-1234,1641,-3183,466,-1130,
-403,-1464,1668,-2842,467,-1119,
-350,-1606,1745,-2478,461,-1073,
-283,-1698,1890,-2171,496,-898,
-287,-1698,1874,-1924,585,-639,
-400,-1712,1835,-1781,584,-596,
-395,-1888,1837,-1561,604,-474,
-409,-2005,1814,-1222,655,-172,
-526,-1971,1769,-1006,648,-54,
-546,-1978,1716,-785,630,64,
-577,-2009,1721,-434,618,166,
-583,-1946,1731,-164,600,242,
-587,-1850,1790,-24,547,271,
-568,-1839,1812,101,487,350,
-555,-1870,1768,328,449,542,
-581,-1891,1796,647,378,681,
-541,-1897,1762,1020,328,910,
-572,-1891,1760,1459,245,1184,
-568,-1779,1721,1834,143,1497,
-632,-1638,1676,2138,-3,1710,
-624,-1552,1695,2522,-174,1791,
-544,-1514,1702,3046,-282,1996,
-554,-1410,1695,3455,-392,2203,
-604,-1382,1599,3867,-533,2373,
-649,-1323,1515,4171,-719,2477,
-697,-1272,1455,4357,-930,2439,
-665,-1268,1421,4481,-1113,2491,
-644,-1215,1407,4503,-1308,2697,
-574,-1193,1384,4931,-1691,2565,
-530,-1096,1420,5340,-1821,2530,
-523,-912,1499,5604,-2009,2450,
-408,-838,1490,6178,-2190,2483,
-365,-634,1419,6825,-2415,2741,
-432,-243,1399,7091,-2779,2544,
-370,109,1445,6752,-3010,2165,
-221,99,1467,6552,-2908,1804,
-121,116,1508,6424,-2736,1979,
-144,192,1384,6387,-2666,1890,
-237,154,1466,6482,-2908,2097,
-39,584,1498,6047,-2749,1965,
8,688,1658,5019,-2543,2067,
-5,169,1415,5738,-2564,2186,
135,877,1690,4897,-2403,2321,
120,668,1608,4445,-2301,2171,
203,559,1676,4624,-2191,2091,
388,1065,1625,3898,-1770,1743,
72,352,1453,4379,-1970,2218,
23,143,1311,6411,-2211,1671,
369,1481,1882,4548,-1943,1777,
228,642,1472,4633,-1935,1877,
213,975,1580,4547,-1945,1942,
224,1191,1514,3939,-2001,1877,
339,1217,1551,3742,-1954,1683,
393,1537,1667,2674,-1833,1471,
375,1159,1510,2555,-1738,1378,
374,1031,1486,2857,-1741,1391,
467,1174,1537,3027,-1653,1243,
549,1442,1671,2506,-1548,1307,
512,1264,1608,2339,-1479,1265,
513,1184,1592,2445,-1446,1252,
441,1217,1589,2399,-1502,1319,
599,1449,1596,2208,-1311,1127,
507,1339,1544,1795,-1261,1055,
540,1022,1482,2395,-1262,994,
644,1429,1587,2395,-1170,1029,
648,1645,1629,1936,-1153,933,
753,1613,1626,1813,-1085,774,
810,1832,1745,1243,-961,695,
873,1631,1665,1072,-799,582,
971,1735,1709,1014,-519,455,
971,1974,1767,341,-278,405,
935,1770,1673,219,-56,258,
866,1730,1588,181,43,282,
745,1723,1498,215,24,131,
820,1766,1537,294,76,-7,
912,1864,1636,216,228,-93,
938,1966,1692,-8,374,-298,
1016,2108,1779,-422,596,-519,
1010,2118,1801,-963,806,-703,
954,1997,1815,-1369,976,-824,
912,1871,1803,-1564,1099,-910,
914,1899,1814,-1907,1245,-949,
807,1802,1747,-2228,1305,-942,
713,1676,1676,-2263,1292,-1041,
691,1638,1696,-2266,1277,-1208,
696,1710,1728,-2494,1291,-1270,
656,1632,1754,-2870,1303,-1321,
640,1416,1690,-2974,1386,-1221,
526,1330,1628,-3055,1457,-1150,
412,1277,1575,-3165,1438,-1080,
339,1152,1527,-3248,1407,-1080,
351,1001,1508,-3015,1420,-1036,
382,1211,1556,-3050,1466,-1077,
375,1285,1587,-3362,1557,-1241,
364,1160,1551,-3380,1607,-1402,
328,1178,1639,-3646,1577,-1578,
489,991,1672,-3648,1760,-1555,
427,1034,1648,-3793,1851,-1377,
121,1096,1802,-4406,1585,-1648,
130,748,1589,-4736,1561,-1288,
312,464,1328,-3817,1835,-1702,
-165,1416,2106,-6377,1191,-1175,
104,120,1369,-5603,1179,-2038,
359,-164,1581,-4292,1713,-984,
24,393,1783,-4298,1874,-1251,
46,277,1729,-4256,1876,-1424,
49,118,1770,-4063,1874,-1127,
-110,-3,1702,-3741,1775,-1165,
-303,-195,1894,-3208,1315,-1139,
210,441,1744,-3933,1940,-1586,
-69,-6,1762,-4229,2114,-1087,
-408,-364,1654,-3141,1562,-1392,
-67,166,1897,-3291,1664,-1670,
8,119,1800,-3637,1971,-1338,
-343,-176,1754,-3453,1822,-1448,
-281,-234,1740,-3327,1870,-1565,
-254,-200,1715,-3583,2019,-1022,
-429,-179,1676,-3918,2028,-1116,
-480,-268,1675,-4151,1911,-1229,
-531,-303,1747,-4449,1618,-1401,
-331,-471,1764,-4467,1638,-1599,
-367,-667,1830,-4254,1529,-1349,
-386,-758,1854,-3805,1410,-1611,
-243,-788,1926,-3361,1430,-1404,
-258,-773,1948,-2949,1505,-1148,
-387,-792,1879,-2482,1469,-1119,
-429,-737,1874,-2207,1397,-937,
-480,-618,1807,-2257,1405,-722,
-614,-550,1708,-2498,1335,-778,
-666,-621,1646,-2654,1257,-819,
-650,-586,1653,-2835,1222,-896,
-652,-554,1706,-3146,1184,-1103,
-614,-626,1736,-3344,1155,-1349,
-541,-736,1806,-3446,1129,-1415,
-481,-841,1828,-3421,1188,-1393,
-485,-955,1825,-3303,1262,-1276,
-473,-973,1843,-3354,1276,-994,
-414,-951,1831,-3455,1354,-610,
-482,-942,1720,-3665,1416,-152,
-643,-985,1588,-3873,1346,-18,
-678,-1062,1470,-4110,1261,49,
-620,-1098,1449,-4273,1374,214,
-794,-1135,1460,-4117,1295,-423,
-746,-1189,1586,-4181,1106,-888,
-662,-1560,1602,-3952,990,-822,
-534,-1959,1572,-3352,1097,-303,
-555,-2207,1530,-2522,1237,546,
-750,-2067,1485,-1764,1136,1132,
-808,-1719,1562,-1672,989,1480,
-903,-1839,1478,-1358,883,1180,
-962,-2108,1422,-462,910,707,
-758,-2025,1341,-134,702,2083,
-1251,-1911,1295,385,272,1539,
-1379,-1751,1359,528,-448,314,
-1037,-1935,1387,837,-881,306,
-778,-2055,1387,1333,-924,1327,
-906,-2044,1362,1845,-838,1554,
-1329,-2359,1153,3019,-1105,263,
-1213,-2330,1283,4531,-1737,-651,
-713,-1897,1475,4900,-1833,-27,
-627,-1981,1437,5491,-1784,905,
-621,-1902,1414,6252,-1877,1928,
-730,-1504,1388,6744,-2141,2277,
-859,-1159,1302,6574,-2460,2235,
-759,-985,1304,6712,-2630,1482,
-610,-854,1557,6361,-2902,1774,
-549,-1124,1351,6744,-3100,2191,
-518,-1072,1405,7171,-3081,2352,
-535,-878,1406,7462,-3300,2858,
-580,-543,1372,7528,-3615,2828,
-528,-334,1412,7438,-3802,2277,
-332,-255,1388,7502,-3962,2313,
-208,39,1497,7130,-3979,2485,
-202,93,1512,6793,-3936,2211,
-201,-4,1484,6839,-4087,2246,
-122,138,1497,6701,-4022,2207,
-35,309,1529,6403,-3861,2071,
25,391,1585,6051,-3859,2361,
74,446,1548,5964,-3861,2099,
168,574,1559,6027,-3819,1891,
307,860,1632,5655,-3704,1850,
382,993,1637,5194,-3453,1574,
372,946,1678,4795,-3230,1553,
347,869,1664,4495,-3053,1520,
345,800,1612,4490,-2925,1484,
350,898,1598,4446,-2901,1530,
356,1011,1677,4052,-2769,1288,
476,1089,1702,3488,-2526,1168,
624,1011,1604,3334,-1897,964,
493,860,1558,3483,-1697,1459,
300,1012,1613,3440,-1873,1182,
415,1019,1559,3192,-1897,1099,
480,816,1466,3527,-1932,1471,
424,921,1481,3861,-1934,1121,
453,1281,1573,3529,-2038,852,
627,1396,1579,2957,-1956,721,
693,1346,1597,2658,-1754,707,
728,1348,1611,2520,-1569,513,
758,1419,1635,2375,-1416,381,
821,1566,1652,1978,-1193,416,
773,1353,1627,1658,-1042,723,
605,1277,1384,2003,-1068,380,
510,1784,1530,1351,-1368,-91,
781,1584,1575,846,-1398,-1,
937,1344,1596,1133,-1055,56,
930,1561,1618,982,-752,51,
835,1751,1636,390,-608,-166,
871,1741,1674,-205,-503,-270,
1006,1535,1587,-217,-163,-132,
900,1650,1590,-385,92,58,
756,1707,1484,-432,76,-139,
744,1902,1488,-752,-24,-201,
863,1912,1531,-1093,33,-487,
987,1920,1672,-1687,257,-372,
924,1531,1679,-1761,435,-302,
939,1471,1644,-1250,620,-523,
1037,1920,1760,-1523,870,-561,
1035,2031,1764,-2064,1087,-603,
927,1898,1743,-2350,1200,-845,
936,1969,1770,-2853,1342,-1103,
950,1987,1895,-3652,1495,-1070,
829,1733,1707,-3916,1685,-1286,
806,1705,1772,-4237,1846,-1484,
708,1398,1716,-4427,1910,-1252,
551,983,1680,-3826,1761,-1377,
635,1001,1795,-3448,1735,-1376,
641,970,1761,-3066,1851,-1334,
490,1093,1811,-3037,1833,-1449,
491,939,1774,-2944,1801,-1401,
438,884,1706,-2739,1784,-1416,
383,1048,1726,-3060,1703,-1373,
369,1004,1676,-3358,1662,-1332,
361,1075,1677,-3614,1667,-1337,
412,1228,1752,-4252,1802,-1297,
425,1118,1699,-4841,2030,-1138,
268,994,1665,-5239,2084,-1199,
199,849,1654,-5621,2023,-1278,
174,554,1658,-5612,1895,-1462,
89,632,1617,-5713,1661,-1747,
386,223,1671,-5335,1783,-1238,
180,329,1731,-4914,1990,-1463,
-6,669,1726,-5682,1666,-1605,
-67,467,1582,-6232,1297,-1775,
19,345,1605,-6780,1197,-1991,
230,79,1676,-6965,1543,-1982,
134,-96,1693,-6749,1824,-1903,
-71,-167,1644,-6608,1826,-1799,
-137,-378,1552,-6228,1763,-1639,
-115,-366,1611,-5860,1758,-1715,
-12,-371,1774,-5756,1774,-1889,
75,-643,1804,-5275,1853,-1883,
2,-686,1784,-4690,1896,-1827,
-75,-599,1766,-4589,1960,-1859,
-175,-804,1588,-4353,1875,-1795,
-293,-840,1632,-4299,1707,-1712,
-217,-838,1694,-4228,1553,-1359,
-138,-682,1754,-4350,1543,-1150,
-74,-756,1789,-4405,1670,-1020,
-170,-915,1733,-4091,1689,-970,
-162,-1059,1671,-3488,1852,-1026,
-267,-877,1504,-3188,1820,-1054,
-510,-600,1433,-3632,1483,-1545,
-399,-762,1317,-3909,1357,-1723,
-370,-846,1373,-4060,1230,-1775,
-321,-671,1478,-4775,1022,-1802,
-216,-997,1520,-5021,905,-2026,
-23,-1172,1655,-4939,942,-1915,
-4,-1261,1741,-5003,1106,-1665,
-62,-1471,1595,-4369,1310,-1490,
-87,-1257,1620,-4236,1509,-1222,
-111,-1395,1406,-3792,1850,-1113,
-255,-1280,1244,-3545,1945,-994,
-528,-952,1134,-4479,1421,-1256,
-467,-1336,999,-4841,1024,-1509,
-252,-1645,1006,-4592,1072,-1272,
-326,-1485,1022,-4512,1044,-1290,
-369,-1420,1126,-4749,920,-1757,
-73,-1812,1268,-4427,1121,-1737,
61,-2131,1373,-3970,1607,-1199,
-59,-2417,1210,-3053,1978,-638,
-317,-2072,1043,-2285,1962,-586,
-493,-1568,1133,-3304,1424,-711,
-498,-2566,1029,-2968,1069,-226,
-334,-2964,769,-1310,1186,459,
-565,-2154,882,-1491,991,634,
-780,-2406,799,-1628,470,452,
-532,-2942,597,-549,333,444,
-577,-2663,693,-385,250,326,
-726,-2966,794,-128,-150,215,
-477,-3247,869,1049,-270,740,
-469,-2990,968,1722,-224,1161,
-600,-2748,893,2488,-547,1241,
-593,-2294,1039,2847,-891,1058,
-422,-2199,1149,3059,-905,877,
-289,-2340,1083,3688,-582,1118,
-439,-2128,1106,4144,-548,1291,
-569,-1965,1167,4125,-771,1356,
-510,-2280,1131,4620,-957,1591,
-395,-2368,1134,5396,-982,2248,
-506,-2154,1086,5828,-1146,2624,
-573,-2060,1019,6218,-1455,2666,
-565,-2168,975,7055,-1721,2525,
-390,-1933,1024,7674,-1792,2607,
-409,-1673,1066,7922,-1902,2565,
-426,-1595,1054,8309,-2056,2263,
-325,-1484,1115,8566,-2099,2220,
-353,-1527,1139,8968,-2132,2276,
-325,-1497,1081,9403,-2241,2592,
-365,-1259,1069,9527,-2485,3010,
-375,-989,1012,9431,-2614,3097,
-365,-921,1075,9472,-2784,3128,
-227,-752,1102,9655,-2957,3243,
-197,-540,1153,9553,-3022,3312,
-115,-414,1095,9891,-3113,3188,
24,219,1233,9572,-3158,3063,
101,605,1389,8658,-3164,2689,
135,484,1356,8314,-3179,2558,
124,434,1361,8335,-3126,2446,
163,678,1427,8097,-3081,2375,
201,891,1455,7638,-3006,2254,
359,1021,1482,7342,-2837,2153,
383,1157,1539,6822,-2586,2137,
263,1056,1487,6480,-2546,2097,
320,1099,1485,6240,-2431,2053,
374,1267,1595,5594,-2312,2129,
424,1208,1613,5131,-2166,2101,
485,1170,1624,4828,-1920,2066,
371,1402,1569,4145,-1634,2007,
340,1385,1569,3637,-1609,1659,
486,1100,1537,3584,-1429,1596,
401,956,1484,4027,-1389,1532,
414,1208,1529,3885,-1381,1384,
441,1198,1516,3739,-1303,1378,
481,1246,1451,3770,-1176,1316,
434,1289,1445,3682,-1233,1387,
526,1288,1500,3790,-1212,1207,
695,1486,1501,3648,-1041,1433,
629,1582,1554,3300,-901,1328,
645,1560,1537,3052,-869,1111,
773,1587,1508,2880,-621,942,
707,1771,1513,2369,-516,1040,
620,1679,1460,2029,-484,826,
632,1552,1408,2134,-499,700,
630,1788,1472,1721,-461,724,
603,1567,1382,1720,-425,696,
644,1609,1327,2013,-353,481,
691,1983,1400,1487,-222,617,
595,1754,1372,1262,-257,506,
681,1557,1345,1645,-189,385,
747,1907,1347,1546,-47,449,
702,2199,1444,827,-39,332,
829,2199,1446,288,73,101,
972,2272,1476,-204,357,77,
942,2437,1460,-832,633,-27,
904,2621,1403,-1540,831,-383,
846,2497,1426,-2158,886,-736,
828,2180,1491,-2285,849,-1101,
899,1943,1522,-2274,894,-1164,
784,1853,1546,-2239,901,-1158,
718,1889,1496,-2221,852,-1244,
739,1944,1496,-2326,899,-1295,
768,2129,1550,-3014,1018,-1356,
730,2080,1519,-3915,1191,-1225,
609,1798,1383,-4226,1346,-1339,
653,1875,1405,-4544,1563,-1506,
683,1938,1446,-5230,1816,-1416,
572,1651,1399,-5430,1955,-1452,
477,1488,1397,-5349,1977,-1648,
547,1430,1478,-5344,2049,-1791,
574,1376,1563,-5617,2206,-1764,
465,1090,1478,-5528,2253,-1689,
332,1015,1553,-5406,2158,-1895,
337,982,1582,-5479,2106,-1885,
324,898,1579,-5547,2116,-1872,
228,713,1560,-5475,2060,-1636,
106,591,1544,-5325,1921,-1762,
176,592,1626,-5185,1862,-1903,
318,592,1715,-5211,1975,-1606,
205,610,1622,-5080,2094,-1826,
92,727,1647,-5461,2073,-1994,
-3,555,1613,-5754,1979,-1775,
-92,280,1538,-5581,1937,-1849,
-15,413,1566,-5620,2033,-1672,
-66,634,1631,-6323,2038,-1487,
-84,280,1533,-6412,2047,-1581,
-27,153,1537,-6188,2118,-1530,
-80,171,1588,-6332,2162,-1365,
-141,-56,1555,-6236,2134,-1386,
-341,-166,1749,-6135,1683,-1323,
-80,-77,1601,-6429,1630,-1885,
-29,-552,1679,-6178,1732,-1315,
-131,-708,1596,-5329,1960,-1497,
-194,-462,1653,-5305,2059,-1406,
-302,-345,1576,-5660,1961,-1196,
-399,-318,1493,-5930,1869,-1280,
-397,-301,1458,-6261,1805,-1334,
-400,-440,1462,-6574,1783,-1398,
-419,-683,1402,-6578,1788,-1515,
-397,-984,1459,-6534,1807,-1543,
-388,-1357,1423,-5962,1768,-1346,
-406,-1378,1438,-5451,1732,-1121,
-427,-1401,1512,-5202,1702,-1153,
-431,-1527,1493,-4718,1598,-1011,
-458,-1516,1465,-4333,1554,-816,
-542,-1428,1383,-4076,1511,-747,
-630,-1326,1327,-4028,1397,-830,
-667,-1317,1261,-4052,1281,-917,
-683,-1337,1202,-4212,1168,-1056,
-669,-1471,1206,-4382,1062,-1063,
-648,-1643,1198,-4270,979,-1037,
-590,-1685,1264,-4104,927,-1040,
-486,-1604,1345,-4019,895,-829,
-445,-1576,1377,-4099,921,-767,
-506,-1872,1334,-3897,875,-677,
-560,-2184,1215,-3185,758,-416,
-584,-2052,1130,-2665,706,-277,
-679,-1835,1111,-2870,618,-364,
-729,-2092,1036,-2890,437,-446,
-637,-2328,1000,-2368,355,-212,
-598,-2201,1067,-2137,377,-61,
-639,-2212,1121,-2014,276,-96,
-627,-2444,1092,-1517,153,-37,
-605,-2578,1108,-730,122,105,
-604,-2543,1119,-76,100,308,
-667,-2474,1095,484,19,442,
-743,-2472,1097,1018,-106,364,
-732,-2591,1055,1835,-233,410,
-676,-2463,1045,2441,-298,682,
-722,-2250,1004,2716,-380,748,
-768,-2131,1013,2804,-541,690,
-763,-2295,1086,3046,-692,605,
-616,-2562,1093,3935,-766,945,
-494,-2291,1182,4580,-730,1622,
-599,-1884,1207,4798,-815,1757,
-664,-1702,1170,4886,-1031,1673,
-624,-1607,1162,5035,-1177,1647,
-593,-1487,1189,5040,-1208,1669,
-660,-1493,1217,5116,-1373,1610,
-638,-1546,1317,5353,-1521,1399,
-399,-1592,1354,5690,-1188,1240,
-408,-1682,1264,6604,-1044,1622,
-663,-1327,1289,6868,-1319,1465,
-669,-1348,1298,7029,-1691,1229,
-490,-1517,1251,7616,-1845,1618,
-485,-1424,1190,8375,-1880,1890,
-633,-1022,1255,8486,-2190,1939,
-554,-840,1249,8550,-2418,1705,
-413,-730,1241,8691,-2555,1987,
-374,-465,1270,8660,-2599,2047,
-405,-201,1325,8396,-2687,1935,
-355,-46,1347,8153,-2767,1738,
-284,25,1399,7834,-2792,1661,
-144,6,1452,7635,-2672,1809,
-94,68,1509,7482,-2542,2015,
-94,165,1506,7394,-2499,1975,
-51,366,1485,7321,-2439,1872,
-87,585,1536,7231,-2643,2076,
33,894,1479,7123,-2586,1585,
81,1238,1706,6093,-2636,1493,
161,942,1611,5632,-2522,1249,
163,723,1603,5708,-2363,1366,
127,1006,1648,5327,-2203,1386,
55,1125,1672,4548,-2175,1197,
61,766,1667,4235,-2163,1287,
94,430,1542,4823,-2079,1284,
145,680,1589,5019,-1988,1483,
122,897,1597,4761,-1975,1566,
159,764,1558,4780,-1971,1592,
258,832,1489,5115,-1876,1669,
293,1238,1523,4869,-1799,1783,
333,1480,1477,4432,-1688,1542,
334,1531,1511,3881,-1685,1550,
360,1423,1445,3750,-1611,1469,
336,1457,1470,3547,-1539,1507,
339,1490,1504,3127,-1531,1418,
433,1308,1506,2899,-1480,1383,
474,1088,1441,3126,-1368,1473,
452,920,1338,3756,-1251,1442,
364,1076,1326,4205,-1414,1639,
381,1489,1395,3924,-1712,1553,
557,1684,1409,3607,-1814,1509,
695,1796,1375,3388,-1798,1457,
756,1871,1277,3502,-1807,1290,
939,2332,1304,3347,-1550,834,
1119,2590,1449,2574,-1129,721,
1087,2700,1472,1504,-789,968,
914,2611,1280,676,-607,647,
814,2413,1288,230,-497,233,
840,2267,1310,-184,-383,204,
816,1998,1336,-177,-282,113,
822,1982,1390,-277,-235,35,
948,1941,1388,-207,-48,-33,
961,2113,1400,-394,155,89,
867,2201,1384,-722,233,12,
839,2174,1404,-960,251,-173,
911,2155,1417,-1233,374,-302,
935,2260,1404,-1651,586,-402,
1022,2581,1464,-2650,988,-501,
926,2595,1439,-4051,1271,-382,
784,2038,1281,-4514,1488,-553,
640,1641,1243,-4280,1542,-721,
564,1589,1308,-4124,1507,-948,
661,1566,1397,-4189,1564,-999,
715,1489,1446,-4277,1712,-816,
649,1438,1420,-4210,1782,-735,
581,1478,1387,-4220,1699,-711,
555,1586,1515,-4733,1757,-1053,
661,1426,1485,-5124,1939,-975,
531,1164,1421,-5025,2014,-867,
375,1145,1474,-5013,1939,-1177,
411,1061,1522,-5154,1893,-1360,
469,846,1550,-5214,1963,-1301,
424,638,1534,-4937,2106,-1254,
288,619,1535,-4712,2141,-1380,
213,676,1539,-4599,2071,-1490,
208,833,1623,-4908,2032,-1634,
209,712,1637,-5236,1971,-1708,
254,470,1631,-5097,1983,-1565,
270,403,1609,-4753,2204,-1653,
132,671,1683,-5043,2177,-1754,
123,693,1821,-5742,1869,-1259,
172,186,1540,-5053,2055,-1644,
106,292,1761,-4924,2090,-1341,
38,325,1704,-5024,2113,-1348,
-72,242,1684,-4879,2051,-1271,
-24,556,1620,-5324,2097,-1459,
-28,685,1764,-6309,2179,-1263,
69,349,1633,-6590,2484,-1526,
80,20,1646,-6282,2739,-1338,
-28,55,1635,-6190,2724,-898,
-148,37,1683,-6697,2760,-1336,
-192,-581,1641,-6628,2605,-1122,
-233,-1208,1562,-5270,2585,-1023,
-315,-1026,1610,-4161,2630,-1152,
-375,-536,1698,-4380,2563,-1146,
-493,-566,1639,-4792,2375,-1173,
-540,-841,1522,-4446,2248,-1286,
-497,-720,1590,-4349,2199,-1218,
-521,-578,1587,-4602,2193,-1123,
-621,-507,1526,-4951,2044,-865,
-618,-440,1516,-5651,1959,-1055,
-546,-747,1542,-6059,1913,-930,
-518,-1193,1519,-5676,1870,-812,
-501,-1491,1561,-4942,1790,-606,
-404,-1452,1546,-4378,1867,-473,
-489,-1292,1569,-4083,1960,-327,
-589,-1120,1552,-3956,1846,-192,
-638,-1023,1520,-4179,1665,-158,
-622,-1194,1424,-4276,1588,20,
-707,-1421,1301,-3940,1602,-165,
-793,-1473,1374,-3837,1500,-272,
-818,-1552,1322,-3902,1272,35,
-832,-1741,1204,-3891,1202,104,
-779,-1895,1100,-3825,1419,30,
-786,-2045,1174,-3717,1570,383,
-990,-2353,1384,-3152,1308,519,
-1045,-2557,1265,-1961,832,484,
-911,-2308,1260,-1065,762,-111,
-761,-2053,1364,-916,810,79,
-876,-2213,1306,-563,698,723,
-1088,-2293,1185,413,443,488,
-1055,-1899,1289,640,155,404,
-1049,-1794,1292,498,-193,690,
-1020,-1959,1232,821,-431,672,
-912,-1985,1247,1411,-434,560,
-911,-1903,1381,1891,-480,547,
-1018,-1851,1341,2576,-820,457,
-892,-1562,1270,2981,-964,-419,
-829,-1546,1563,2844,-1042,-94,
-857,-1789,949,2987,-841,-99,
-901,-1843,1152,3878,-702,-219,
-696,-1238,1402,3356,-494,100,
-811,-1417,1422,2949,-711,890,
-937,-1913,1291,3755,-828,366,
-785,-1883,1227,4596,-951,769,
-613,-1378,1508,4256,-1060,2172,
-881,-1375,1425,4369,-1363,2210,
-979,-1432,1364,4934,-1980,1790,
-703,-1232,1494,5187,-2188,1687,
-451,-1197,1529,5686,-2089,1987,
-540,-1108,1559,6301,-2087,1981,
-623,-862,1549,6589,-2195,1747,
-552,-655,1474,6688,-2238,1600,
-530,-529,1558,6522,-2207,1554,
-527,-473,1505,6536,-2139,1469,
-536,-274,1526,6294,-2097,1553,
-576,-141,1611,5663,-2179,1849,
-636,-181,1582,5049,-2240,1916,
-694,-378,1567,4858,-2327,1885,
-672,-456,1604,4884,-2491,1629,
-521,-518,1652,5206,-2675,1635,
-321,-351,1600,5776,-2676,1600,
-224,-122,1673,5964,-2582,1548,
-183,57,1661,6079,-2587,1473,
-167,268,1750,5795,-2697,1375,
-35,208,1683,5799,-2560,1275,
-109,283,1693,5768,-2511,1349,
-174,402,1689,5540,-2503,1329,
-127,272,1706,5782,-2618,1763,
-260,589,1628,5608,-2867,1091,
-75,721,1689,5270,-2900,837,
103,759,1625,5160,-2792,1254,
187,869,1610,5125,-2361,1343,
-12,1088,1737,4451,-2422,1475,
-70,1037,1755,3522,-2537,1506,
49,512,1593,3678,-2371,1648,
20,282,1562,4231,-2239,1833,
-48,355,1541,4730,-2324,1770,
52,580,1523,4965,-2521,1828,
145,676,1441,5225,-2728,2032,
179,806,1408,5586,-2972,1824,
372,1097,1477,5615,-3043,1299,
542,1379,1504,5365,-3037,860,
673,1610,1602,4691,-2816,188,
943,1597,1602,4163,-2132,23,
941,1465,1531,3589,-1552,719,
976,1173,1269,3111,-1204,1530,
1218,388,1452,3901,-486,3759,
-1125,3377,2172,1978,-1140,1005,
239,1971,987,799,-1908,-1613,
944,821,1231,2245,-855,1413,
447,1361,1250,2578,-66,710,
701,1905,1512,2232,79,1098,
1044,2252,1601,651,648,2141,
842,2135,1583,-296,922,1764,
711,2050,1491,-1252,834,1656,
324,1468,1209,763,556,1606,
266,1982,1300,721,-290,1191,
858,2024,1405,310,-380,1263,
903,1824,1523,561,-135,880,
878,2251,1544,92,20,393,
1001,2226,1587,-353,131,163,
1093,2383,1693,-1019,422,-335,
1109,2771,1877,-3022,527,-462,
1024,2167,1824,-4201,677,-316,
734,1545,1616,-3564,669,-750,
761,1542,1617,-2705,681,-792,
661,1662,1661,-2482,569,-760,
631,1577,1678,-2111,387,-992,
685,1717,1727,-1994,344,-1242,
691,1760,1733,-2083,372,-1334,
602,1758,1738,-2403,298,-1395,
682,1518,1672,-2419,366,-1249,
578,1647,1660,-2858,315,-1127,
626,1613,1682,-3332,378,-1202,
662,1386,1636,-3316,582,-1224,
595,1293,1637,-3095,761,-1345,
603,1347,1589,-3208,973,-1432,
514,1295,1611,-3453,1082,-1647,
500,933,1621,-3150,1100,-1651,
400,926,1588,-2704,1119,-1702,
446,1126,1620,-2930,1230,-1599,
324,1027,1588,-2992,1207,-1564,
332,919,1584,-2884,1185,-1621,
367,993,1605,-2832,1371,-1778,
468,1094,1609,-3074,1675,-1721,
440,1063,1629,-3392,1921,-1609,
355,967,1625,-3523,2026,-1636,
346,1025,1636,-3799,2158,-1669,
293,994,1631,-4240,2261,-1732,
210,893,1651,-4655,2280,-1723,
105,685,1621,-4893,2165,-1837,
57,460,1604,-4520,1926,-1700,
243,801,1754,-5314,2370,-2533,
346,452,1752,-5873,2979,-2046,
-97,-205,1554,-4600,2597,-1790,
-164,37,1688,-4090,2342,-2320,
-89,155,1636,-4395,2337,-2188,
-372,52,1647,-4543,2118,-2216,
-366,-69,1607,-4527,1954,-2226,
-313,-32,1654,-4807,2005,-1865,
-383,48,1636,-4953,1964,-1730,
-303,303,1673,-5457,2010,-1598,
-290,275,1724,-6228,2026,-1481,
-293,-139,1627,-6829,1768,-176,
-244,-249,1487,-7236,1730,1335,
-567,-424,1820,-6906,1569,464,
-385,-878,1654,-5611,1489,-687,
-240,-896,1736,-4631,1490,-903,
-222,-762,1786,-4104,1636,-1024,
-340,-674,1651,-3484,1511,-1302,
-613,-449,1708,-3635,1102,-2164,
-563,-684,1620,-3930,1058,-3057,
-276,-1012,1613,-3508,1200,-2318,
-324,-865,1648,-3316,1387,-1544,
-579,-628,1630,-3595,1241,-1897,
-579,-721,1609,-4100,971,-2347,
-302,-969,1511,-4453,1155,-1340,
-213,-997,1520,-5056,1666,-113,
-653,-1496,1842,-4751,1267,-115,
-359,-1388,1077,-4777,2055,-494,
-407,-1447,1741,-4647,1812,-434,
-569,-2032,1737,-3379,1186,-281,
-615,-2090,1503,-2021,860,-1019,
-765,-1774,1545,-1412,595,-2170,
-630,-1712,1476,-1595,390,-2247,
-395,-1919,1455,-1634,608,-1213,
-497,-1889,1471,-1666,866,-353,
-709,-1819,1422,-1805,883,-296,
-720,-1834,1433,-1832,912,-388,
-659,-1965,1486,-1758,1034,-299,
-627,-2161,1442,-1171,1116,-186,
-697,-2123,1507,-643,1154,-128,
-865,-2098,1427,-187,886,4,
-818,-1961,1411,-183,708,415,
-780,-1976,1368,65,624,788,
-871,-1982,1438,779,371,554,
-731,-1784,1731,1282,121,463,
-591,-1780,1796,2036,-23,612,
-617,-1683,1621,2781,-55,812,
-691,-1406,1460,2912,-103,1219,
-788,-1220,1355,2862,-332,1628,
-967,-1101,1540,2957,-1051,1946,
-935,-1114,1498,2968,-1487,1667,
-714,-1167,1555,2879,-1446,1703,
-719,-1386,1506,3692,-1500,1760,
-675,-1079,1695,3770,-1601,2023,
-690,-1063,1606,3906,-1666,2038,
-624,-913,1622,3994,-1666,2266,
-700,-761,1606,3927,-1663,2159,
-760,-727,1633,3791,-1795,1796,
-662,-819,1639,3685,-1833,1792,
-620,-880,1634,3764,-1817,2035,
-655,-772,1657,3798,-1855,1939,
-677,-740,1661,3744,-1994,1823,
-742,-947,1575,4074,-2085,1583,
-519,-684,1672,4033,-2150,1793,
-582,-547,1696,3698,-2288,1778,
-613,-642,1630,3588,-2491,1674,
-505,-587,1623,3474,-2570,1797,
-586,-572,1687,3417,-2799,1743,
-497,-602,1691,3488,-3071,1783,
-375,-608,1698,3634,-3172,2098,
-330,-463,1705,3842,-3290,2212,
-113,-120,1813,3911,-3304,2159,
136,242,1879,4032,-3087,2042,
325,645,1973,3754,-2723,1964,
164,642,1887,3357,-2490,1711,
-5,556,1851,3085,-2581,1467,
3,742,1858,2440,-2533,933,
87,741,1876,1746,-2378,778,
124,619,1892,1554,-2270,619,
277,770,2004,1216,-2055,673,
242,780,2033,859,-1854,477,
247,713,2022,728,-1760,452,
270,824,2046,355,-1677,429,
215,875,2045,-231,-1790,367,
276,745,2047,-731,-1830,240,
318,466,2091,-1100,-1829,247,
252,125,2038,-945,-2036,519,
175,107,2031,-785,-2360,482,
274,120,2079,-724,-2612,506,
417,24,2086,-413,-2564,500,
471,15,2101,-184,-2437,433,
581,-33,2126,108,-2161,449,
546,49,2082,392,-1895,120,
554,147,2065,375,-1726,54,
550,143,2034,418,-1586,56,
610,159,2077,300,-1372,-60,
668,19,2074,321,-1110,-70,
686,65,2070,296,-832,-144,
667,61,2080,22,-708,-240,
743,-189,2079,194,-552,-266,
814,-164,2095,468,-268,-308,
815,-89,2070,554,53,-279,
835,-88,2058,668,425,-142,
657,-32,2077,611,469,-214,
648,-69,2001,699,562,-338,
654,-20,2064,537,679,-149,
592,-89,2010,478,820,-44,
576,-86,1991,463,944,17,
615,3,2029,358,1058,177,
631,49,2048,239,1135,181,
712,-23,2075,304,1317,69,
804,-85,2071,588,1638,0,
847,-101,2092,823,1965,-59,
805,-204,2081,1171,2218,-152,
759,-271,2035,1690,2490,-259,
646,-182,1974,2004,2775,-422,
500,-124,1938,2130,2948,-584,
489,-158,1933,2163,3135,-444,
488,-316,1919,2505,3406,-335,
533,-161,1808,2934,4056,-1059,
469,69,1971,2813,4219,-335,
195,-17,1751,3153,4245,-88,
-107,269,1777,3089,4048,-575,
-80,323,1829,2780,3816,-672,
19,246,1775,2684,4054,-691,
-82,297,1785,2534,4324,-870,
-323,257,1720,2136,4152,-585,
-276,91,1650,2493,4300,-726,
-115,140,1683,2890,4824,-973,
-140,194,1671,3348,5131,-676,
-246,441,1665,3615,5077,-606,
-402,912,1697,3405,4782,-810,
-485,1144,1668,3003,4403,-873,
-472,1075,1616,2911,4282,-933,
-468,900,1598,3126,4395,-878,
-608,929,1599,3066,4409,-636,
-729,1066,1526,2440,4303,-703,
-690,811,1457,1967,4363,-446,
-695,536,1260,2504,4864,-287,
-894,810,1361,2787,5061,-361,
-720,964,1353,2726,5410,-176,
-883,1038,1333,2816,5531,-43,
-1096,1253,1416,2068,5279,-231,
-1228,956,1392,1737,4904,-323,
-1292,793,1334,1755,4535,-318,
-1394,839,1244,1712,4093,-484,
-1404,899,1149,1382,3859,-871,
-1372,776,1061,1200,3927,-743,
-1463,476,943,1563,4007,-512,
-1382,538,836,2240,4370,-618,
-1393,731,1005,2724,4553,-325,
-1708,1090,1197,2406,4078,-116,
-1705,1264,1105,1576,3459,-260,
-1740,1247,997,1439,3052,-417,
-1625,1212,911,1572,3043,-296,
-1935,1470,878,1711,2657,-81,
-2704,2186,1099,-535,1716,-596,
-1907,-317,358,857,2333,1231,
-2401,86,399,2878,2236,2422,
-2263,1068,594,3643,1618,1250,
-1758,2098,1248,2859,1434,1869,
-1959,2890,1599,1647,498,2172,
-1993,3326,1535,694,-655,1014,
-1574,3264,1269,-146,-751,-4,
-1514,2963,867,-1381,-877,236,
-1834,2458,500,-2627,-1194,-200,
-1966,1690,489,-3418,-1537,-977,
-1962,978,419,-3028,-2006,-176,
-1866,1153,442,-2700,-2002,-953,
-1716,1188,451,-2559,-1931,-801,
-1736,1173,419,-2398,-1741,-1074,
-1739,1071,536,-1786,-1186,-978,
-1831,1298,828,-2251,-286,-1305,
-2351,1490,1222,-3599,-1129,-2243,
-2193,1142,1280,-3947,-2514,-2148,
-1787,1029,1391,-3914,-3509,-490,
-1756,1159,1347,-4039,-4386,380,
-1597,1162,1019,-4043,-4890,-282,
-1609,931,912,-3862,-5409,-370,
-1554,729,792,-3350,-5815,-310,
-1425,1102,831,-3666,-5726,-660,
-1272,1232,919,-4507,-5398,-926,
-1272,1066,978,-5299,-5141,-1080,
-1442,664,1062,-5665,-5394,-864,
-1661,458,1155,-5844,-6611,597,
-1557,444,1313,-6163,-7717,579,
-1401,-119,1501,-5570,-9382,979,
-735,-548,1223,-2993,-9697,-265,
264,-170,1123,-655,-7648,-2316,
682,780,1443,-643,-5155,-1313,
-84,1842,1686,-3146,-4934,1262,
-996,1914,1494,-6029,-5870,103,
-976,665,1131,-6560,-6372,-1970,
-485,-112,1200,-5979,-6417,-816,
-371,119,1469,-6885,-6385,717,
-636,-38,1536,-8295,-7311,816,
-563,-1496,1633,-6264,-8580,-958,
110,-2395,829,-1895,-7932,-2097,
797,-632,2117,-1637,-6779,-1384,
1168,-334,1766,-2313,-5798,740,
890,-443,1627,-1389,-4651,184,
323,122,1988,-1490,-4588,-705,
365,262,1594,-1660,-4941,-1041,
391,551,1742,-2770,-5161,-599,
450,325,1664,-3959,-4963,-377,
403,-206,1493,-4347,-4796,-18,
173,-381,1471,-4608,-5371,288,
146,-439,1405,-5141,-6358,88,
455,-835,1380,-5193,-6843,-372,
929,-1192,1354,-4465,-6807,-670,
1385,-1372,1603,-3429,-6113,-1407,
1912,-1369,1886,-1767,-4889,-1736,
2333,-921,2074,-682,-3388,-647,
2193,-639,2003,31,-1808,297,
1529,-194,1790,60,-1031,442,
851,289,1584,-798,-1458,-230,
679,379,1342,-2617,-2473,-680,
875,-313,1246,-4120,-3167,-881,
1122,-1306,1337,-4180,-3610,-557,
1503,-1883,1413,-3730,-3807,-409,
2173,-2572,1719,-2119,-2986,-1642,
3044,-2845,1908,713,-1218,-1300,
3305,-2103,1888,2225,805,1124,
2404,-1252,1742,2403,2070,1535,
1374,-856,1465,2356,1881,132,
1175,-586,1425,1953,1238,-682,
1436,-498,1561,1174,1153,-415,
1531,-653,1621,728,1414,-58,
1466,-795,1627,794,1448,100,
1555,-794,1753,665,1646,-142,
1835,-1171,1803,1056,2357,-204,
1944,-1499,1702,2316,3232,414,
1743,-1250,1738,3238,4028,655,
1472,-916,1661,3607,4604,330,
1230,-664,1503,3875,4788,367,
944,-174,1495,3596,4644,322,
823,81,1676,2337,4375,84,
910,-457,1654,2116,4502,-320,
956,-913,1658,2944,4727,-45,
898,-827,1702,3596,4885,0,
900,-637,1674,3975,5211,-220,
908,-489,1653,4082,5684,104,
675,-401,1610,4259,6038,490,
327,-209,1580,4391,6057,537,
99,31,1573,4402,5642,358,
102,309,1659,4013,5269,127,
254,397,1711,3342,5348,-31,
262,191,1778,2837,5426,386,
144,-218,1697,3210,5632,326,
26,-366,1671,4016,5809,274,
-119,-149,1660,4209,5883,380,
-276,51,1662,3890,5887,516,
-446,233,1444,4152,5366,844,
-516,1089,1693,3607,4781,-20,
-284,1500,1958,2066,4392,-834,
78,895,1762,1646,4711,-340,
28,336,1717,2147,5440,420,
-557,260,1613,2577,5479,191,
-817,387,1725,2379,5059,-544,
-618,219,1669,2487,4925,-577,
-573,215,1648,2526,5033,-35,
-721,66,1574,2596,5043,870,
-893,663,1446,3438,4932,158,
-786,1057,1546,2971,4786,-658,
-620,1183,1855,1875,4813,-441,
-698,649,1563,1848,4836,544,
-863,486,1375,2267,5095,197,
-1129,485,1345,2456,5047,-317,
-1269,702,1452,2030,4774,-312,
-1102,470,1351,2081,4845,9,
-1113,314,1277,2628,5136,566,
-1300,411,1234,2949,5144,800,
-1414,615,1164,3198,4786,678,
-1390,1020,1262,2798,4444,21,
-1311,999,1345,2226,4180,101,
-1394,922,1349,1718,3743,632,
-1750,839,1391,1098,2900,856,
-1485,294,941,2219,2897,1112,
-1347,302,731,4086,3254,853,
-1378,932,880,4312,3651,1123,
-1485,1167,956,3577,3960,950,
-1637,1277,956,2657,3856,779,
-1741,1156,927,2444,3582,1020,
-1863,1309,888,2446,3100,1632,
-1956,1648,733,2527,2698,712,
-1828,1890,774,2259,2549,-92,
-1729,1902,811,1710,2448,329,
-1742,1818,732,1423,2439,548,
-2038,1889,708,1076,2196,206,
-2222,1852,687,590,1716,-367,
-2183,1700,678,422,1355,-526,
-2210,1625,686,252,934,-136,
-2326,1736,652,-223,449,-154,
-2430,1697,673,-739,-90,-601,
-2450,1584,734,-903,-887,-223,
-2456,1650,759,-1078,-1755,131,
-2426,1728,710,-1452,-2644,-120,
-2237,1754,744,-2063,-3314,-626,
-2002,1573,724,-2465,-3732,-203,
-1882,1481,670,-2558,-3957,96,
-1871,1490,657,-2611,-4148,-310,
-1774,1532,705,-2951,-4290,-601,
-1651,1398,779,-3383,-4340,-468,
-1781,1182,934,-3639,-4801,-44,
-1839,1190,1027,-3765,-5479,-465,
-1662,1186,981,-3901,-5993,-756,
-1345,1152,976,-4131,-6102,-606,
-1114,1089,938,-4371,-5723,-412,
-1136,961,947,-4578,-5320,8,
-1331,913,912,-4665,-5150,59,
-1512,995,938,-4850,-5272,-746,
-1927,965,1147,-5253,-6655,-161,
-1967,407,2903,-4850,-7201,-531,
-2175,-242,-466,-3329,-13505,4367,
-95,923,421,-3902,-7321,-7663,
650,221,1369,-3932,-5666,-5294,
966,-398,1755,-2441,-6018,4789,
-39,1161,2004,-3223,-5554,5073,
-663,1010,995,-2351,-4262,-3429,
-935,1333,1711,-3627,-5645,-2477,
-545,1273,1541,-5585,-6853,1061,
-280,848,1192,-6288,-5948,-411,
-326,580,1289,-6862,-5162,-1316,
-578,273,1535,-8151,-6044,260,
-568,-565,1536,-8270,-7229,-582,
-52,-2127,1407,-4901,-7429,-3256,
935,-2490,1601,-504,-6181,-3128,
1632,-1162,1927,1226,-4553,142,
1281,412,2033,325,-3052,1613,
333,1060,1939,-1660,-2490,257,
-508,743,1675,-3200,-3755,-105,
-637,271,1480,-3784,-5098,-626,
-268,317,1472,-4424,-5548,-1114,
92,612,1497,-5936,-5796,-283,
178,382,1599,-7473,-6066,491,
291,-327,1320,-7376,-6184,227,
396,-802,1456,-6943,-6466,-710,
891,-1678,1702,-5551,-6449,-2442,
1864,-2460,1640,-1793,-5134,-3218,
2408,-1641,2032,95,-3423,54,
2120,-502,1987,34,-1613,1846,
1098,150,1874,-927,-780,603,
213,90,1638,-1866,-1648,-594,
29,-270,1360,-1898,-2842,-1384,
353,-61,1334,-2636,-3630,-1147,
692,121,1397,-4826,-4088,-38,
832,-728,1341,-6196,-4230,-52,
913,-2013,1355,-5640,-4468,-1184,
1452,-3212,1404,-2744,-4288,-2345,
2274,-3317,1732,514,-3287,-1492,
2811,-2172,1894,2173,-1434,576,
2442,-917,1886,2287,205,1726,
1477,-217,1780,1440,645,1179,
754,-223,1518,990,49,-574,
671,-348,1461,847,-789,-1617,
1111,-249,1517,221,-1172,-1162,
1456,-269,1613,-1000,-1021,-409,
1531,-898,1603,-1380,-744,-385,
1590,-1661,1653,-515,-560,-678,
1924,-1899,1686,861,-6,-836,
2168,-1584,1760,1513,829,32,
2016,-1354,1702,1684,1629,678,
1569,-1249,1575,2180,1938,519,
1319,-809,1506,2360,1894,21,
1264,-290,1648,1476,1715,-36,
1317,-449,1652,611,1706,-179,
1357,-938,1578,787,1774,35,
1370,-914,1592,990,1908,486,
1338,-690,1713,694,2043,429,
1402,-776,1724,429,2301,95,
1533,-1145,1685,742,2691,279,
1586,-1363,1625,1474,3269,814,
1476,-1270,1654,2034,3808,1022,
1326,-1076,1599,2497,4159,824,
1259,-793,1594,2680,4434,853,
1225,-621,1606,2565,4705,780,
1181,-696,1607,2773,5096,311,
1184,-802,1644,3363,5526,38,
1154,-818,1611,4078,5985,86,
1026,-706,1564,4584,6452,4,
831,-541,1579,4687,6885,167,
600,-483,1406,4601,7167,457,
276,-473,1501,4392,7104,493,
81,-617,1417,4678,6853,188,
49,-543,1401,5391,6592,417,
42,45,1463,5324,6577,299,
-67,572,1483,4545,6456,-157,
-102,700,1672,3405,6270,-291,
-117,216,1639,3052,6074,186,
-171,-404,1512,3790,6239,139,
-363,-547,1395,5006,6252,343,
-550,-40,1411,5427,6041,297,
-697,557,1542,4459,5646,284,
-644,566,1530,3596,5467,279,
-577,265,1404,3720,5553,580,
-595,290,1406,4251,5808,500,
-720,612,1381,4810,5788,450,
-857,1170,1425,4522,5531,183,
-853,1426,1558,3237,5369,-356,
-736,984,1550,2359,5322,322,
-703,457,1443,2575,5625,1018,
-956,215,1258,3582,5756,1023,
-1247,496,1274,4394,5279,815,
-1319,1037,1372,4271,4680,371,
-1120,1365,1459,3379,4490,-29,
-915,1242,1431,2407,4603,588,
-847,836,1297,1991,5025,1367,
-1103,474,1125,2279,5337,1568,
-1404,311,1063,2697,5292,1071,
-1623,259,1071,3033,4876,768,
-1700,399,1064,3090,4303,844,
-1598,430,1006,3342,3912,494,
-1528,580,978,3694,3534,497,
-1471,968,956,3718,3355,732,
-1427,1220,905,3420,3213,699,
-1466,1366,999,3267,3186,987,
-1530,1431,846,2897,3113,1190,
-1709,1398,811,2204,3129,898,
-1726,1195,629,2244,3175,626,
-1594,1008,552,3024,3614,795,
-1790,1387,631,3071,3644,1863,
-2152,1875,654,2513,3178,1595,
-2245,2099,599,2002,2615,304,
-1995,2059,581,1715,2347,-60,
-1844,2021,582,1769,2311,536,
-2027,2252,596,1576,2020,1033,
-2324,2465,629,1144,1418,144,
-2470,2591,752,-29,508,-543,
-2446,2393,784,-1132,-368,-583,
-2323,2013,650,-1707,-1019,-309,
-2257,1732,601,-1864,-1571,-39,
-2268,1677,632,-2106,-2045,144,
-2244,1548,603,-2292,-2490,89,
-2212,1408,578,-2345,-2997,106,
-2130,1406,575,-2432,-3368,-385,
-1990,1428,601,-2529,-3600,-576,
-1851,1428,678,-2561,-3799,-396,
-1824,1507,744,-2823,-4150,-110,
-1759,1532,758,-3256,-4415,-386,
-1628,1402,755,-3519,-4568,-702,
-1448,1138,790,-3500,-4490,-513,
-1382,1011,820,-3369,-4359,-253,
-1388,1070,866,-3442,-4264,-286,
-1375,1103,876,-3584,-4174,-463,
-1338,1142,918,-3860,-4106,-535,
-1372,1070,1009,-4231,-4250,-337,
-1495,862,1250,-4554,-4537,-459,
-1657,661,1378,-4422,-5759,-176,
-1475,664,1330,-3701,-7074,157,
-1005,836,1095,-2938,-7567,-548,
-396,1067,1110,-2797,-6857,-1056,
-188,1242,1279,-3506,-5809,33,
-463,1340,1308,-4327,-5118,553,
-896,1267,1248,-4801,-4958,-558,
-1009,1195,1134,-5085,-5253,-1407,
-794,1209,1324,-6095,-5383,-1463,
-818,758,1393,-7069,-5825,-750,
-848,-143,1430,-6907,-6322,-931,
-659,-1242,1373,-4732,-6790,-1377,
-221,-1639,1410,-1351,-6772,-1246,
94,-750,1564,470,-6399,-76,
123,648,1656,-226,-5833,460,
-166,1552,1716,-2586,-5515,-143,
-493,1367,1566,-4479,-5914,-538,
-503,695,1330,-4666,-6364,-933,
-336,650,1342,-4879,-6558,-871,
-176,913,1513,-6420,-6846,-650,
-48,287,1479,-7432,-7193,-848,
327,-930,1344,-6123,-7042,-1216,
725,-1418,1515,-4362,-6563,-463,
936,-1313,1725,-2968,-5832,-101,
968,-1141,1749,-1522,-5017,-276,
902,-733,1696,-528,-4431,-27,
658,32,1620,-534,-4322,461,
298,782,1617,-1836,-4656,165,
119,1001,1485,-3577,-5171,-680,
237,772,1305,-4865,-5673,-842,
455,658,1198,-6027,-6186,-317,
667,270,1354,-7570,-6737,-622,
1253,-1117,1271,-7046,-6501,-2375,
2060,-2407,1312,-4470,-5498,-1681,
2460,-2506,1534,-2155,-4066,738,
2070,-1703,1695,-1234,-2830,1375,
1415,-891,1623,-1656,-2574,704,
1142,-658,1414,-1907,-2877,-244,
1237,-434,1400,-2385,-3169,-307,
1366,-341,1423,-3247,-3174,69,
1279,-509,1311,-3619,-3110,156,
1169,-395,1194,-3862,-3440,174,
1322,-322,1415,-5064,-3887,-656,
1895,-1440,1509,-5015,-3467,-2483,
2665,-2876,1371,-2514,-2331,-1725,
3080,-2982,1441,170,-826,862,
2673,-1898,1642,796,440,1686,
1973,-1337,1584,290,760,523,
1804,-1684,1344,762,763,-792,
2095,-1749,1298,1489,990,-216,
2138,-1376,1439,1254,1471,746,
1772,-1255,1424,913,1671,542,
1624,-1375,1389,1208,1627,-117,
1839,-1303,1483,1292,1812,35,
1999,-1469,1586,1361,2390,150,
2000,-1793,1450,2360,3052,413,
1836,-1610,1344,3494,3533,902,
1601,-898,1410,3649,3819,639,
1458,-571,1492,3199,3934,-91,
1516,-818,1419,3369,4084,-240,
1593,-984,1431,3747,4484,44,
1482,-945,1465,4038,5008,198,
1220,-905,1417,4253,5226,349,
1001,-816,1393,4422,5303,168,
917,-760,1474,4379,5321,-45,
986,-905,1490,4619,5562,-91,
997,-1085,1399,5377,5942,121,
941,-923,1388,6089,6457,349,
754,-511,1377,6273,6798,644,
347,-45,1363,5758,6720,723,
-42,309,1324,5103,6056,625,
-169,707,1490,4150,5186,-38,
102,773,1704,2875,4712,-591,
530,193,1690,2646,5032,-239,
610,-327,1569,3729,5806,466,
295,-151,1574,4643,6194,538,
-32,297,1641,4660,6025,148,
-177,496,1649,4192,5618,76,
-232,453,1585,3716,5537,52,
-357,309,1567,3450,5452,335,
-543,346,1559,3463,5103,411,
-543,565,1597,3436,4772,-68,
-416,786,1636,3347,4525,-356,
-230,1074,1737,2800,4629,-583,
-180,1002,1737,2236,4814,-366,
-210,756,1717,2200,5100,54,
-363,583,1655,2415,5273,214,
-585,554,1655,2608,5248,125,
-845,544,1625,2473,4834,403,
-944,565,1586,2125,4517,281,
-939,419,1578,1817,4436,112,
-846,118,1452,2131,4529,528,
-850,86,1440,2728,4746,712,
-973,371,1412,3378,4711,382,
-995,960,1491,3300,4482,-236,
-856,1237,1559,2753,4271,-438,
-741,1244,1580,2092,4270,11,
-738,1041,1485,1784,4589,77,
-924,792,1532,1603,4584,58,
-1100,758,1403,1871,4510,58,
-1041,755,1345,1986,4604,-341,
-1108,759,1371,1929,4604,-24,
-1298,903,1355,1365,4351,411,
-1410,780,1202,1265,4175,-63,
-1387,639,1112,1569,4108,-318,
-1307,589,1025,2110,4301,-229,
-1343,807,1062,2374,4491,-234,
-1517,1110,1100,2283,4349,-156,
-1652,1364,1101,1698,3965,-465,
-1630,1330,1062,1297,3836,-744,
-1511,1179,983,1243,3813,-508,
-1664,1168,1001,1193,3718,85,
-1952,1326,939,789,3354,-7,
-2043,1285,852,486,3076,-962,
-1940,951,832,571,2859,-326,
-2099,1022,789,773,2700,191,
-2370,1270,818,582,2224,-198,
-2507,1354,871,74,1497,-464,
-2482,1222,864,-175,807,-168,
-2463,1202,788,-155,214,194,
-2411,1293,714,-185,-210,-188,
-2350,1309,726,-414,-584,-163,
-2294,1338,742,-731,-899,128,
-2277,1305,684,-907,-1139,100,
-2267,1329,688,-1096,-1425,-169,
-2251,1287,773,-1408,-1756,-219,
-2292,1241,873,-1759,-2345,303,
-2331,1236,865,-2080,-3048,475,
-2300,1175,834,-2317,-3708,34,
-2187,1003,875,-2429,-4328,58,
-2072,939,924,-2434,-4934,473,
-1991,1029,909,-2571,-5444,338,
-1916,1008,887,-2807,-5919,215,
-1768,961,884,-3047,-6242,2,
-1513,873,861,-3071,-6176,-195,
-1294,889,880,-3081,-5864,-369,
-1182,972,1030,-3330,-5523,-708,
-1208,1032,1197,-3785,-5573,-381,
-1309,1088,1226,-4220,-5979,-130,
-1360,1041,1189,-4419,-6525,-522,
-1370,898,1157,-4515,-7189,-780,
-997,848,1247,-4613,-7260,-1454,
-714,656,1324,-4646,-7254,-757,
-552,483,1301,-4144,-6936,-286,
-568,563,1379,-3874,-6577,-586,
-600,519,1453,-3724,-6500,-998,
-542,402,1476,-3481,-6794,-563,
-359,379,1384,-2975,-6700,-778,
-210,586,1366,-2874,-6300,-1094,
-155,925,1434,-3640,-5929,-701,
-369,1103,1553,-5505,-5984,-407,
-659,556,1376,-6829,-6679,-766,
-631,-448,1348,-6734,-7461,-1617,
-125,-1517,1395,-5212,-7638,-2342,
605,-2138,1518,-2678,-6914,-1412,
973,-1878,1735,-596,-5703,144,
751,-1175,1808,555,-4776,804,
267,-404,1712,887,-4718,613,
-71,354,1709,248,-5161,-265,
-69,797,1627,-894,-5607,-883,
142,1059,1584,-2171,-5801,-813,
235,1155,1557,-3684,-5763,-440,
103,1084,1395,-5136,-5906,6,
-101,953,1267,-6795,-6544,44,
-18,321,1258,-8036,-7388,-1268,
632,-912,1213,-7429,-7686,-2184,
1492,-1838,1229,-5434,-7075,-1348,
1918,-1982,1570,-3574,-5918,-30,
1918,-1598,1689,-1984,-4702,62,
1749,-918,1742,-945,-3893,-185,
1622,-265,1667,-896,-3375,-405,
1496,112,1546,-1392,-2944,-619,
1209,210,1492,-2529,-2910,-221,
856,-39,1226,-3506,-3207,-165,
584,-217,1070,-4321,-3982,-507,
707,-374,1061,-5720,-4970,-959,
1235,-1173,1108,-6557,-5500,-1162,
1908,-2296,1097,-5621,-5184,-873,
2474,-2908,1240,-3655,-4267,-426,
2822,-2910,1552,-1447,-3011,-317,
3062,-2247,1630,-15,-1650,498,
2919,-1596,1676,294,-391,935,
2474,-1396,1481,377,418,705,
2010,-1479,1263,732,643,336,
1768,-1493,1229,1155,612,-127,
1818,-1364,1324,1148,687,-312,
1929,-1295,1403,943,946,45,
1877,-1440,1333,1131,1208,546,
1669,-1515,1324,1539,1287,601,
1632,-1415,1379,1751,1415,356,
1702,-1272,1367,1627,1573,746,
1690,-1151,1461,1223,1875,626,
1806,-1402,1394,1955,2345,5,
2091,-1250,1487,2579,3236,61,
2085,-1147,1485,3072,4006,711,
1691,-1278,1346,4067,4174,877,
1586,-996,1422,4267,4435,244,
1616,-1034,1382,4579,4757,19,
1621,-1170,1327,5267,5259,345,
1484,-956,1293,5722,5848,662,
1067,-659,1335,5473,6043,613,
721,-752,1306,5420,5852,266,
593,-890,1251,5977,5694,-28,
597,-625,1303,6262,5557,169,
653,-101,1388,6050,5572,-63,
701,291,1530,5286,5596,-375,
746,175,1556,4594,5647,-337,
776,-289,1517,4685,5931,-314,
742,-587,1437,5443,6323,-89,
579,-388,1405,5938,6560,198,
241,122,1453,5527,6372,488,
-149,481,1510,4445,6149,18,
-278,329,1479,3536,5978,-948,
-230,-187,1495,3564,5589,-64,
-165,-346,1445,4372,5686,27,
-191,-77,1427,5244,5875,-175,
-240,491,1500,5317,5796,-47,
-260,903,1547,4801,5626,236,
-298,835,1495,4660,5550,-223,
-259,716,1531,4918,5637,-393,
-216,680,1432,5386,5750,-455,
-342,1011,1479,5429,5592,-175,
-558,1426,1567,4579,5234,-260,
-637,1418,1583,3493,4889,-464,
-679,1024,1473,2881,4594,62,
-680,597,1424,3090,4705,50,
-848,425,1350,3748,4701,182,
-1031,717,1352,4121,4533,-27,
-1037,1049,1295,3999,4293,-179,
-927,1178,1344,3713,4374,-392,
-865,1138,1337,3477,4480,61,
-905,1086,1220,3538,4658,123,
-1034,1221,1303,3009,4630,-47,
-1208,966,1332,2587,4251,235,
-1317,806,1331,2461,3733,627,
-1349,771,1258,2679,3281,421,
-1339,932,1226,2682,2822,665,
-1187,1066,1118,2670,2621,891,
-1028,983,958,3213,2780,1021,
-1031,1191,1012,3602,2931,1149,
-1216,1581,958,3422,2834,609,
-1230,1850,1109,2593,2667,183,
-1137,1691,1051,1945,2775,55,
-1013,1408,888,1892,3271,8,
-1048,1221,763,2222,3867,87,
-1239,1252,777,2494,4199,341,
-1514,1444,775,2467,4007,339,
-1707,1535,804,2242,3326,1056,
-1769,1583,860,2278,2716,1433,
-1889,1865,866,2028,1890,2046,
-1827,2221,825,1530,2043,-414,
-1776,2223,845,956,1532,-303,
-1689,1974,784,888,1400,245,
-1922,1966,794,705,1077,700,
-2190,2007,803,300,469,599,
-2252,2074,726,-192,-283,241,
-2028,2051,650,-541,-710,-24,
-1812,1950,597,-703,-804,209,
-1691,1932,607,-712,-399,62,
-1716,1994,617,-810,-671,811,
-2031,2150,709,-939,-1438,843,
-2144,2679,845,-2296,-2280,-707,
-1787,2257,791,-3134,-2982,-862,
-1434,2051,755,-3714,-3132,-300,
-1378,1722,663,-3686,-3178,294,
-1451,1794,700,-3913,-3119,-77,
-1504,1775,692,-4246,-3222,-502,
-1434,1718,747,-4855,-3170,-1011,
-1357,1507,790,-4880,-3146,-1047,
-1353,1417,762,-4905,-3291,-784,
-1398,1374,973,-5126,-3413,-1414,
-1499,1255,1225,-5634,-4232,-859,
-1508,1048,1183,-5817,-5346,7,
-1369,915,967,-5320,-6095,-479,
-1059,822,935,-4588,-6163,-1464,
-738,894,1041,-4423,-5843,-872,
-643,1138,1073,-4917,-5181,-244,
-807,1326,1034,-5668,-4609,-550,
-1033,1407,1101,-6544,-4593,-1084,
-1123,1236,1224,-7390,-5125,-1658,
-1076,839,1272,-7784,-6127,-1456,
-865,256,1344,-7459,-7126,-1129,
-816,-567,1296,-5854,-8161,-565,
-167,-899,1265,-3167,-7749,-1837,
526,-477,1464,-1357,-6306,-1465,
691,345,1598,-1359,-4708,341,
40,1229,1687,-3093,-4096,1667,
-885,1524,1512,-4997,-4567,353,
-1250,1249,1219,-6089,-5749,-1708,
-912,966,1172,-7068,-6817,-2298,
-232,439,1303,-7912,-7130,-2688,
392,-661,1407,-6816,-6887,-2619,
974,-1490,1551,-4163,-6209,-1625,
1264,-1399,1724,-2057,-5182,-266,
1143,-781,1812,-1288,-4089,188,
756,-261,1817,-1536,-3579,240,
308,-153,1646,-1961,-3781,309,
-76,-25,1508,-2329,-4473,-131,
-138,414,1498,-3475,-5129,-778,
-61,577,1385,-5040,-5653,-864,
160,431,1274,-6306,-5908,-636,
178,173,1189,-7135,-6261,-722,
339,-222,1227,-7648,-6809,-1344,
919,-1082,1330,-6915,-7161,-2449,
1827,-2105,1481,-4815,-6759,-2661,
2787,-2680,1752,-2130,-4963,-1182,
3043,-2240,1824,79,-2576,1706,
2129,-799,1780,354,-1164,2839,
879,312,1792,-1487,-1415,1034,
526,73,1450,-2847,-2345,-1166,
887,-695,1194,-2545,-2854,-988,
1064,-338,1284,-2686,-2989,358,
833,482,1367,-4757,-3172,439,
656,251,1245,-7203,-3767,-521,
860,-1151,1069,-7809,-4536,-1858,
1617,-2885,1195,-5435,-4796,-2734,
2730,-3629,1463,-1654,-3755,-1920,
3496,-2926,1749,813,-1763,832,
3213,-1571,1835,778,348,2555,
2076,-1088,1515,-250,1333,1940,
1084,-1446,1172,-49,560,321,
1242,-1614,1241,464,-138,-1430,
2003,-1724,1472,497,-10,-792,
2432,-1904,1497,740,961,853,
2057,-1950,1467,1427,1724,1540,
1575,-1858,1478,2190,1820,837,
1596,-1828,1447,3240,1973,19,
1797,-1583,1404,3901,2449,633,
1710,-1302,1433,4084,3017,1046,
1434,-1261,1479,4436,3314,280,
1448,-1461,1437,5439,3501,-581,
1655,-1417,1338,6761,3960,-403,
1664,-786,1318,7155,4575,278,
1375,-108,1467,6067,4832,585,
1052,-217,1413,5160,4837,-180,
1025,-659,1463,5154,5224,-1443,
1084,-856,1387,5625,5698,-1326,
1121,-492,1412,5827,6373,-729,
894,103,1581,4766,6838,-326,
396,-3,1513,3813,6286,369,
174,-368,1381,4066,5646,-8,
18,-297,1434,4547,4526,289,
514,37,1629,4506,4602,-325,
692,413,1727,3688,4868,263,
664,422,1744,2809,4817,943,
450,92,1607,3180,4794,447,
369,356,1789,3196,4571,-25,
407,565,1761,2648,4375,139,
425,360,1746,2390,4547,187,
312,53,1744,2572,4627,593,
262,-132,1644,3485,5059,-104,
134,70,1684,3573,5480,-139,
71,132,1599,3796,5863,-184,
-183,224,1700,3644,5809,120,
-265,96,1550,3995,5774,-262,
-337,368,1439,4831,5429,-331,
-302,1178,1622,4538,5129,-717,
-204,1474,1765,2881,5145,-878,
-151,831,1737,1901,5394,-95,
-300,53,1406,2754,5769,319,
-655,232,1378,3448,5752,217,
-845,686,1616,2861,5348,148,
-821,593,1565,2257,5018,261,
-780,295,1454,2419,4988,566,
-833,114,1396,2999,5064,880,
-983,187,1304,3583,4906,1224,
-1015,516,1272,4038,4687,942,
-950,881,1327,4229,4451,785,
-940,1203,1470,3759,4174,874,
-1011,1125,1436,3250,3770,1127,
-1135,1034,1273,2941,3459,941,
-1029,954,1191,2833,3802,-14,
-868,674,1205,2956,4250,560,
-1131,735,1351,2640,4226,1877,
-1455,867,1182,2539,3929,1398,
-1394,762,916,2774,3759,621,
-1063,658,924,3127,4197,544,
-1107,841,913,3416,4563,961,
-1292,1239,882,3940,4464,553,
-1440,1727,999,3878,3958,189,
-1460,2037,1128,2801,3520,-10,
-1468,1819,1028,1662,3264,121,
-1474,1352,773,1357,3331,87,
-1491,981,565,1962,3617,63,
-1567,1098,560,2624,3821,313,
-1698,1536,657,2610,3940,210,
-1863,1740,726,2130,3855,14,
-2014,1713,774,1748,3456,267,
-2143,1711,793,1493,2871,878,
-2288,1767,727,1422,2155,1009,
-2297,1938,678,1207,1400,664,
-2150,2011,658,939,905,343,
-2026,1943,636,767,612,413,
-2060,1926,670,590,260,816,
-2179,2016,714,196,-314,1028,
-2221,2141,664,-488,-968,619,
-2096,2111,591,-1036,-1473,-7,
-1951,1913,599,-1260,-1785,92,
-1957,1818,634,-1336,-2195,733,
-2088,1963,678,-1726,-2873,852,
-2183,2075,659,-2336,-3617,-100,
-1974,1957,636,-2767,-4135,-829,
-1683,1712,639,-2835,-4423,-224,
-1570,1739,689,-2997,-4565,199,
-1582,1825,649,-3446,-4565,-409,
-1471,1661,622,-3769,-4418,-1080,
-1253,1444,709,-3796,-4044,-1001,
-1226,1457,818,-4003,-3796,-379,
-1308,1707,898,-4664,-3715,-603,
-1300,1625,885,-5059,-3707,-1280,
-1122,1548,957,-5226,-3801,-1251,
-997,1463,1015,-5406,-3791,-781,
