-210,761,1891,2705,1787,1232,
-449,998,1999,2037,1895,932,
-618,840,1927,1561,1788,497,
-661,606,1850,1563,1644,302,
-688,579,1878,1576,1494,591,
-630,824,1895,1408,1515,226,
-590,1074,1977,758,1542,100,
-619,1075,1912,233,1546,20,
-652,1157,1891,-169,1446,-107,
-635,1274,1980,-925,1457,-290,
-703,1091,1914,-1440,1485,-540,
-687,935,1853,-1576,1512,-593,
-648,1027,1892,-1873,1544,-539,
-767,981,1979,-2368,1546,-701,
-940,592,1881,-2347,1381,-1124,
-995,287,1843,-2018,1142,-1048,
-979,236,1891,-1860,1071,-815,
-931,329,1880,-1966,1012,-296,
-911,341,1858,-1959,1236,-878,
-1141,283,1772,-1771,941,-1014,
-1043,482,1818,-2118,848,-1195,
-1073,507,1740,-2580,819,-1547,
-1043,492,1708,-2984,702,-1707,
-942,565,1756,-3590,671,-1820,
-872,574,1795,-4518,798,-1886,
-786,266,1826,-5460,923,-1443,
-1223,-441,1725,-5723,416,-503,
-1786,-1264,1572,-4478,-401,-1245,
-1614,-1350,1608,-3247,-1280,-847,
-1082,-990,1772,-2830,-1053,-1172,
-1160,-1025,1792,-2451,-1185,-637,
-1280,-1073,1679,-1377,-1666,-834,
-964,-516,1713,-1083,-1974,-923,
-681,-33,1820,-1812,-1891,-911,
-776,-110,1756,-2556,-1889,-981,
-963,-532,1627,-2715,-2113,-1073,
-842,-686,1618,-2914,-2144,-1007,
-975,-820,1659,-3211,-2422,-1006,
-1122,-1409,1710,-2941,-3093,-1208,
-890,-1945,1723,-1404,-3645,-1038,
-354,-1766,1779,-7,-3600,-452,
-98,-1302,1843,524,-3209,216,
-277,-1060,1770,789,-3113,282,
-499,-874,1754,743,-3329,251,
-535,-829,1706,585,-3597,112,
-240,-757,1717,329,-3189,-589,
36,-778,1840,-221,-2564,-479,
-26,-1144,1819,-273,-2079,-452,
-287,-1422,1831,209,-2136,-386,
-370,-1558,1798,849,-2364,-589,
-138,-1624,1816,1784,-2506,-875,
264,-1497,1938,2338,-2148,-320,
350,-1407,1877,3072,-2116,520,
288,-963,1833,3623,-2123,220,
463,-427,1919,3306,-2068,-80,
584,-415,1917,2934,-1866,-248,
474,-793,1859,3247,-1846,37,
508,-811,1892,3853,-1767,69,
576,-557,2028,3701,-1574,349,
514,-619,1940,3681,-1419,562,
385,-680,1892,3771,-1396,1029,
296,-587,1885,3846,-1429,1048,
337,-502,1930,3895,-1463,1019,
446,-406,1897,4044,-1388,1111,
473,-239,1908,4056,-1263,1279,
432,-56,1891,3983,-1170,1221,
399,71,1904,3579,-1094,1036,
299,-103,1889,3434,-1029,892,
241,-325,1877,3779,-944,674,
274,-238,1841,4209,-901,843,
452,169,1877,4168,-528,916,
371,628,1864,3339,-243,1238,
58,550,1851,2995,-406,849,
157,570,1886,2911,-488,-78,
369,650,1936,2388,-288,-98,
286,448,1867,2336,-171,246,
131,340,1868,2356,-117,406,
-58,199,1765,2720,-285,411,
-47,273,1704,3305,-435,147,
60,617,1726,3383,-546,440,
59,880,1792,3104,-609,487,
52,946,1818,2956,-686,118,
114,970,1837,2841,-733,50,
176,975,1850,2782,-666,153,
206,1116,1884,2548,-426,-82,
200,1214,1933,2051,-255,5,
191,1125,1910,1656,-103,130,
141,938,1749,1716,-5,36,
-43,889,1665,2127,-259,250,
-63,1264,1773,1980,-511,-184,
55,1465,1867,1389,-744,-311,
230,1352,1916,1034,-737,-417,
367,1148,1889,1169,-569,-262,
328,1209,1834,1407,-473,7,
216,1665,1825,1179,-554,-241,
214,1938,1918,171,-670,-580,
306,1644,1857,-509,-684,-647,
349,1243,1779,-506,-619,-613,
286,1084,1822,-414,-628,-471,
231,1030,1868,-351,-719,-494,
260,1034,1917,-373,-823,-570,
316,1015,1947,-527,-910,-417,
337,992,1864,-468,-955,-411,
278,1118,1848,-625,-1084,-382,
333,1211,1774,-876,-1157,-634,
438,1123,1756,-931,-1142,-490,
519,1170,1791,-1020,-992,-425,
553,1316,1709,-977,-872,-717,
598,1776,1850,-1910,-654,-1116,
671,1850,1797,-3371,-433,-1268,
663,1028,1716,-3764,-276,-1290,
593,416,1722,-2999,-296,-1266,
547,666,1955,-2823,-423,-1531,
621,886,2014,-3440,-540,-1586,
586,600,1930,-3752,-642,-1421,
545,140,1870,-3293,-724,-1462,
627,-178,1901,-2329,-730,-1178,
767,146,1893,-1665,-520,-751,
719,740,1965,-2074,-348,-512,
641,838,1919,-2710,-281,-628,
629,569,1869,-2871,-262,-846,
700,475,1908,-2880,-216,-1109,
843,411,1996,-3078,-6,-1094,
904,238,1941,-2854,246,-978,
825,240,2001,-2693,414,-912,
819,278,2012,-2787,566,-947,
796,96,2017,-2955,697,-707,
732,-217,1975,-2666,804,-711,
762,-232,1983,-2312,897,-703,
777,-108,2063,-2417,1007,-525,
735,-110,2084,-2474,1088,-538,
748,-185,2044,-2138,1163,-686,
861,-93,2085,-1873,1326,-585,
868,-14,2097,-1973,1555,-255,
738,-100,1952,-1895,1692,-47,
552,-104,1986,-1929,1646,-157,
551,-224,2055,-2105,1641,-326,
664,-444,2021,-2055,1776,-52,
560,-592,1994,-1834,1897,475,
404,-551,1949,-1448,1905,383,
414,-340,2044,-1452,1925,182,
475,-370,2023,-1415,2017,270,
487,-457,2000,-1068,2154,469,
384,-425,1990,-836,2211,672,
247,-393,1981,-741,2152,741,
243,-394,1911,-532,2143,593,
229,-382,1981,-639,2173,818,
202,-471,1959,-648,2270,738,
130,-645,1952,-409,2244,912,
86,-718,1943,-3,2245,1031,
36,-642,1894,343,2249,1240,
-53,-500,1851,543,2231,1339,
-133,-380,1817,749,2193,1197,
-146,-187,1861,783,2125,1108,
-115,-6,1933,546,2127,962,
-136,33,1935,300,2130,819,
-148,-15,1909,285,2097,745,
-108,-79,1968,231,2233,742,
-260,-283,1875,639,2176,1028,
-377,-183,1861,986,2116,943,
-413,39,1901,832,2054,1225,
-495,144,1885,601,2014,1167,
-637,139,1864,536,1822,931,
-658,178,1875,645,1583,598,
-637,378,1959,554,1298,574,
-410,552,2005,204,1405,292,
-417,529,1884,-177,1429,997,
-577,432,1869,-121,1566,659,
-716,507,1896,-248,1470,488,
-708,561,1887,-477,1386,340,
-675,622,1914,-862,1525,33,
-695,681,1939,-1422,1649,-129,
-738,558,1904,-1727,1613,-71,
-840,396,1858,-1757,1502,-51,
-874,387,1829,-1722,1350,-290,
-852,444,1919,-2111,1216,-380,
-876,236,1931,-2471,1157,-543,
-986,-237,1854,-2221,1008,-705,
-1028,-567,1884,-1661,868,-720,
-1061,-646,1860,-1037,711,-606,
-1107,-437,1832,-742,572,-582,
-1166,-178,1868,-1021,389,-553,
-1128,-68,1848,-1348,221,-984,
-1009,-42,1867,-1712,99,-1076,
-928,-110,1821,-1947,69,-877,
-929,-57,1805,-2211,11,-704,
-931,-5,1863,-2663,-79,-850,
-891,-174,1861,-2927,-211,-1068,
-819,-469,1853,-2817,-362,-929,
-752,-672,1800,-2384,-386,-749,
-762,-582,1824,-2281,-462,-443,
-789,-576,1847,-2420,-389,-957,
-938,-797,1817,-2180,-738,-887,
-867,-937,1819,-1799,-957,-1131,
-794,-973,1808,-1454,-1177,-756,
-685,-798,1774,-1160,-1193,-751,
-639,-565,1873,-1509,-1148,-684,
-695,-651,1811,-1829,-1156,-847,
-805,-914,1757,-1793,-1398,-881,
-839,-1096,1728,-1479,-1718,-913,
-768,-1201,1787,-1236,-1929,-943,
-656,-1312,1759,-710,-2144,-753,
-420,-1178,1797,-310,-1963,-914,
-238,-979,1907,-622,-1599,-635,
-460,-1307,1819,-492,-1446,-726,
-507,-1458,1720,246,-1532,-1002,
-325,-1191,1890,257,-1634,-622,
-273,-1180,1861,113,-1525,-584,
-323,-1359,1837,412,-1600,-568,
-247,-1397,1830,915,-1661,-631,
-128,-1331,1811,1353,-1726,-460,
-124,-1265,1838,1739,-1740,-72,
-140,-1109,1744,2049,-1856,18,
-89,-932,1913,2081,-1945,-116,
101,-851,1863,2107,-1894,-109,
228,-814,1777,2076,-1722,32,
172,-800,1982,1825,-1559,145,
81,-1053,1897,2059,-1561,9,
175,-1186,1875,2613,-1565,123,
304,-1136,1871,3243,-1531,435,
419,-674,1928,3530,-1410,583,
482,-168,1993,3203,-1293,459,
534,0,2072,2758,-1201,235,
545,-163,2011,2514,-1035,195,
479,-475,1981,2763,-928,359,
430,-486,1996,3095,-913,645,
438,-250,2010,3139,-859,701,
451,-78,2073,2650,-700,672,
477,-138,2022,2304,-474,561,
427,-358,2063,2225,-337,822,
432,-457,1877,2618,-112,826,
360,-383,1897,2911,-50,1292,
291,-84,1984,2850,167,1223,
59,152,1972,2185,113,1069,
-32,-237,1923,2195,-48,632,
73,-614,1849,2886,-140,911,
149,-539,1901,3444,-93,1328,
67,-319,1894,3683,-57,1451,
-23,-102,1864,3764,-141,1252,
65,112,1897,3731,-180,908,
229,199,1935,3568,-60,964,
202,184,1866,3652,74,985,
86,350,1809,3643,67,996,
-52,487,1871,3355,-27,909,
-46,403,1883,3244,-89,683,
49,347,1876,3172,-27,720,
52,335,1798,3291,80,989,
-16,527,1813,3253,170,1063,
-98,704,1849,2964,195,915,
-139,691,1797,2887,172,632,
-104,674,1809,2998,213,415,
-50,774,1837,2912,441,320,
-158,772,1790,2784,530,444,
-401,883,1685,3556,148,374,
-440,1202,1755,2964,-72,463,
-453,1209,1822,2133,-324,342,
-347,730,1751,2487,-492,202,
-185,619,1711,3350,-492,271,
-103,1043,1767,3676,-441,633,
-135,1546,1826,3149,-419,685,
-237,1729,1822,2305,-607,619,
-218,1595,1821,1642,-758,372,
-62,1343,1778,1413,-721,450,
-3,1294,1659,1381,-558,542,
-177,1408,1690,1190,-671,410,
-136,1534,1740,761,-722,-118,
50,1492,1753,371,-663,-289,
135,1406,1728,167,-543,-241,
91,1358,1720,9,-508,-150,
-16,1285,1705,-42,-663,-241,
-40,1248,1709,13,-924,-391,
24,1274,1770,-58,-1173,-303,
74,1216,1855,-175,-1339,-231,
89,1029,1873,-58,-1513,-118,
135,966,1854,253,-1643,-77,
187,1035,1836,428,-1736,154,
199,1191,1754,460,-1840,361,
160,1466,1729,154,-2020,305,
244,1691,1704,-324,-2211,167,
366,1836,1732,-910,-2282,-8,
458,1856,1720,-1558,-2223,-213,
564,1756,1700,-2084,-2016,-577,
608,1523,1775,-2675,-1768,-656,
642,1039,1705,-2664,-1531,-488,
604,727,1646,-2029,-1392,-386,
502,951,1720,-1611,-1443,-424,
490,1351,1900,-2111,-1597,-597,
593,1267,1854,-2596,-1683,-708,
663,1042,1748,-2576,-1647,-617,
638,1049,1881,-2576,-1676,-862,
802,1318,1934,-2847,-1632,-1461,
1038,1518,1886,-3699,-1329,-1307,
990,1271,1712,-4434,-955,-942,
796,694,1583,-4323,-688,-1179,
777,311,1567,-3780,-433,-1357,
787,350,1712,-3491,-325,-819,
824,525,1969,-3956,-177,-592,
793,95,2024,-4004,-125,-553,
814,-262,1951,-2903,-140,-1050,
927,105,2013,-2324,-96,-1270,
1130,551,2021,-2459,116,-977,
1025,702,1937,-2934,316,-732,
813,562,1889,-3394,450,-1032,
760,144,1814,-3503,568,-917,
743,-222,1744,-3126,734,-492,
624,-155,1791,-2841,807,-359,
605,77,1947,-3078,829,-633,
760,-108,2127,-3478,1020,-693,
900,-634,1983,-2943,1322,-299,
731,-710,1945,-2199,1454,212,
494,-502,2011,-1785,1339,-87,
592,-345,2043,-1565,1236,-395,
790,-308,2023,-1445,1346,-102,
721,-334,2028,-1385,1490,240,
564,-415,2001,-1241,1536,216,
537,-490,2005,-1067,1584,235,
560,-525,2011,-936,1703,379,
541,-536,2060,-901,1851,543,
473,-605,2024,-749,1979,668,
395,-627,1974,-494,2036,785,
318,-588,1993,-358,2047,830,
322,-602,1984,-61,2100,704,
379,-594,1965,301,2206,870,
339,-518,1960,677,2300,877,
302,-356,1961,955,2338,697,
340,-286,2018,1031,2438,570,
333,-354,1942,1229,2554,861,
194,-300,1884,1536,2592,909,
-10,-50,1908,1481,2414,1005,
-109,94,1957,1144,2146,891,
-73,5,1981,1023,1992,588,
13,-104,1922,1286,1963,636,
-20,5,1802,1689,1888,1058,
-138,402,1735,1916,1672,1005,
-111,871,1941,1229,1445,747,
-59,773,2054,470,1362,563,
17,336,1910,589,1337,645,
177,239,1970,903,1700,848,
-16,443,1957,777,1882,1060,
-270,576,1912,464,1822,803,
-349,523,1907,151,1692,646,
-319,369,1864,198,1699,507,
-309,397,1837,299,1763,563,
-390,533,1900,72,1768,636,
-637,518,1976,-105,1443,422,
-336,499,1907,-7,1554,-552,
-140,376,1934,14,1769,379,
-296,339,1870,166,2151,526,
-616,384,1876,295,2087,533,
-762,561,1863,261,1877,-62,
-611,759,1915,-167,1899,-406,
-548,818,1958,-846,1934,-57,
-640,580,1881,-973,2010,-102,
-756,600,1840,-962,1905,-47,
-762,874,1903,-1395,1860,-259,
-747,1028,1953,-2316,1896,-506,
-704,810,1953,-2980,2028,-766,
-776,370,1880,-3010,2076,-586,
-942,136,1826,-2571,1904,-501,
-1047,132,1907,-2240,1643,-881,
-1084,2,1945,-1904,1348,-1377,
-1021,-239,1826,-1113,1080,-1417,
-970,-149,1764,-467,935,-1125,
-1067,243,1762,-506,758,-1039,
-1105,597,1799,-1116,482,-1438,
-969,564,1777,-1789,316,-1792,
-823,342,1706,-2034,232,-1764,
-857,332,1824,-2465,128,-1559,
-1024,188,1825,-3115,-24,-1568,
-1103,-203,1755,-3347,-167,-1520,
-1133,-477,1744,-3339,-399,-1058,
-1163,-568,1785,-3359,-575,-881,
-1098,-733,1882,-3228,-682,-1266,
-961,-1036,1880,-2785,-713,-1302,
-908,-1231,1815,-2070,-635,-941,
-1004,-970,1757,-1760,-803,-508,
-1181,-832,1850,-1783,-1208,-640,
-1198,-946,1810,-1565,-1815,-862,
-794,-951,1781,-1180,-2047,-577,
-705,-817,1819,-1089,-2139,46,
-831,-755,1770,-963,-2243,-199,
-750,-597,1753,-1002,-2339,-416,
-506,-425,1774,-1323,-2221,-623,
-508,-473,1878,-1972,-2060,-655,
-668,-875,1791,-2113,-2129,-825,
-671,-1122,1728,-1799,-2320,-807,
-457,-1064,1865,-1773,-2338,-783,
-334,-1241,2035,-1805,-2166,-1075,
-239,-1776,1963,-859,-2028,-1324,
-134,-1955,1828,501,-2046,-436,
-160,-1633,1779,1443,-2089,459,
-303,-1095,1799,1555,-2124,102,
-224,-884,1853,1295,-2179,-506,
-8,-1003,1860,1433,-2136,-544,
148,-1058,1864,1615,-2010,-122,
158,-982,1875,1663,-1856,199,
52,-928,1882,1559,-1767,268,
61,-897,1891,1526,-1820,295,
211,-881,1878,1636,-1834,232,
367,-831,2006,1691,-1647,121,
433,-864,1957,1766,-1520,537,
435,-917,1826,2230,-1339,639,
454,-714,1847,2583,-1225,605,
419,-437,1960,2468,-1169,298,
429,-501,2014,2344,-1130,117,
409,-816,1979,2753,-1233,443,
391,-856,1874,3587,-1355,471,
448,-559,1972,3889,-1389,579,
514,-463,2043,3944,-1304,675,
606,-427,1943,4231,-1100,668,
667,-129,2039,4182,-851,902,
630,155,1972,3768,-556,987,
476,260,1934,3357,-419,982,
379,173,1909,3109,-394,987,
430,117,1881,3178,-294,1023,
438,264,1918,3029,-129,1198,
348,447,1969,2580,-12,1082,
236,448,1948,2126,-12,732,
168,191,1906,2037,-111,706,
170,-96,1884,2426,-172,853,
171,-81,1892,2825,-171,1039,
90,38,1893,2979,-190,1136,
-8,152,1879,3002,-283,1060,
-63,214,1857,2909,-403,1024,
-43,133,1820,3004,-429,1009,
-16,29,1781,3353,-389,1304,
-70,230,1788,3555,-385,1298,
-124,469,1864,3296,-454,1129,
-94,440,1840,3109,-456,931,
-59,270,1735,3489,-365,712,
-73,319,1739,3958,-279,677,
-61,533,1711,4305,-226,730,
-82,827,1759,4279,-188,859,
-160,1136,1746,3915,-271,794,
-243,1336,1744,3432,-536,516,
-146,1393,1776,2949,-662,100,
-70,1255,1808,2625,-658,182,
-36,1136,1787,2572,-585,343,
-68,1106,1773,2664,-524,445,
-111,1198,1733,2744,-531,451,
-156,1396,1715,2663,-677,441,
-146,1622,1774,2220,-837,233,
-73,1696,1824,1604,-964,166,
98,1607,1823,1243,-886,102,
189,1591,1810,1075,-749,204,
227,1758,1900,702,-611,207,
427,1955,1736,-119,-211,-224,
77,1480,1576,-421,-400,889,
-123,1210,1642,45,-566,-673,
35,1161,1660,153,-977,-150,
229,1251,1798,33,-1024,-136,
267,1204,1753,74,-1143,-70,
304,1302,1755,-7,-1211,-100,
280,1367,1736,-331,-1340,-66,
228,1293,1716,-585,-1513,-215,
347,1231,1603,-620,-1575,-271,
416,1366,1569,-715,-1610,-200,
460,1657,1638,-1262,-1610,-493,
562,1703,1756,-2232,-1507,-696,
657,1375,1735,-2846,-1305,-746,
617,1002,1691,-2871,-1170,-692,
539,886,1832,-2780,-1229,-955,
629,859,1970,-2762,-1348,-1197,
904,741,1976,-2413,-1251,-1237,
1048,667,1921,-1789,-1027,-786,
883,917,1841,-1418,-959,-605,
670,1281,1844,-1756,-1099,-959,
733,1270,1771,-2269,-1152,-1187,
861,1013,1712,-2428,-952,-1102,
911,849,1711,-2516,-631,-871,
855,753,1856,-2827,-360,-843,
843,597,1985,-3127,-189,-961,
953,413,2016,-3130,-13,-805,
1010,398,1998,-2814,142,-685,
1009,688,1975,-2783,311,-794,
989,870,1984,-3221,457,-903,
966,631,1849,-3352,668,-924,
827,349,1763,-3012,757,-750,
737,371,1744,-2639,843,-1028,
781,593,1833,-2929,982,-1045,
746,499,1909,-3531,1102,-852,
714,119,1953,-3614,1197,-918,
748,-178,1993,-3316,1270,-903,
773,-157,2096,-3056,1378,-1192,
805,-225,2239,-3292,1345,-901,
826,-669,2113,-2714,1404,-461,
707,-723,1993,-1861,1424,53,
538,-310,1993,-1607,1320,-46,
478,-75,2031,-1924,1181,-334,
578,-275,2024,-1982,1182,-397,
629,-538,2008,-1633,1344,-251,
598,-603,1960,-1235,1492,208,
489,-465,1918,-1050,1651,417,
310,-359,1962,-1215,1627,469,
295,-416,1925,-1006,1572,254,
409,-283,2067,-921,1628,220,
516,-64,2001,-1026,1822,237,
491,21,2000,-1019,1904,423,
388,145,1977,-1143,1941,255,
343,214,1954,-1464,1981,24,
318,125,1930,-1910,2065,157,
235,-118,1889,-2009,2124,191,
207,-338,1921,-1859,2189,101,
150,-575,1933,-1524,2192,640,
79,-604,1869,-933,2144,969,
-31,-502,1922,-546,2006,1336,
-104,-403,1882,-35,1836,1108,
-67,-197,2046,303,1637,974,
230,84,2105,86,1785,1032,
229,-31,2034,-152,2110,1701,
-63,-288,1849,401,2178,1607,
-267,-235,1813,891,2008,1411,
-272,1,1865,841,1913,1248,
-293,24,1916,562,1852,1131,
-258,-182,1868,603,1971,963,
-266,-336,1792,996,2163,1042,
-402,-233,1835,1237,2191,1230,
-662,-57,1941,1228,1872,1070,
-418,82,1898,1231,2005,-32,
-275,1,1953,953,2129,903,
-394,-175,1792,1403,2372,1036,
-572,51,1828,1729,2332,896,
-635,505,1931,1227,2236,588,
-657,563,1933,522,2098,404,
-628,328,1908,386,1906,373,
-519,251,1858,736,1818,352,
-414,521,1938,743,1872,517,
-465,777,1970,288,1951,403,
-547,770,1951,-117,1959,138,
-567,707,1881,-382,1961,121,
-608,710,1902,-680,2011,225,
-727,708,1874,-930,1945,195,
-755,743,1894,-1147,1862,-166,
-790,622,1925,-1316,1743,-269,
-823,417,1873,-1142,1653,-255,
-897,410,1841,-879,1450,-312,
-976,484,1908,-871,1209,-599,
-975,472,1931,-1043,1093,-1077,
-952,308,1900,-1022,1036,-1397,
-992,161,1814,-1044,1064,-1150,
-1147,113,1753,-1191,1075,-1151,
-1348,104,1713,-1374,843,-1298,
-1325,135,1683,-1475,528,-1656,
-1125,209,1771,-1940,408,-1670,
-1148,29,1747,-2329,283,-1388,
-1316,-279,1707,-2178,24,-1349,
-1221,-288,1715,-1943,-258,-1260,
-1062,-120,1832,-2275,-271,-1150,
-1126,-286,1879,-2675,-230,-1199,
-1300,-742,1795,-2371,-442,-1040,
-1254,-729,1723,-1913,-735,-682,
-1140,-404,1875,-2304,-746,-668,
-1212,-1254,1803,-2139,-1209,-645,
-1073,-1237,1864,-1461,-1320,-350,
-875,-999,1941,-1095,-1331,-115,
-915,-868,1932,-1024,-1444,-30,
-1158,-1067,1808,-623,-1818,-178,
-1126,-1064,1777,-147,-2262,-208,
-854,-765,1824,-147,-2415,-28,
-746,-632,1777,-348,-2473,180,
-739,-566,1788,-598,-2467,-66,
-668,-665,1855,-1143,-2299,-319,
-699,-1097,1795,-1018,-2395,136,
-646,-1236,1792,-518,-2498,208,
-618,-1189,1943,-413,-2649,386,
-511,-1315,1834,82,-2829,294,
-228,-1224,1875,492,-2650,269,
-124,-1143,1901,631,-2384,596,
-202,-1131,1873,915,-2273,658,
-257,-1031,1823,1096,-2329,570,
-114,-923,1823,1235,-2361,192,
5,-985,1950,1398,-2310,229,
106,-1087,1825,2018,-2302,470,
209,-786,1826,2522,-2245,507,
337,-323,1963,2209,-1999,237,
404,-261,2013,1615,-1736,270,
337,-623,1960,1628,-1548,446,
242,-886,1870,2276,-1537,688,
239,-697,1907,2591,-1532,971,
242,-449,1962,2482,-1514,938,
274,-465,1949,2451,-1514,930,
356,-543,1908,2795,-1481,910,
453,-382,1960,2981,-1387,1004,
478,-168,1998,2919,-1272,965,
465,-68,1982,2908,-1217,714,
498,-7,2007,2848,-1097,533,
473,-76,1998,2764,-920,762,
400,-133,1905,2908,-734,1024,
267,135,1901,2718,-617,1009,
195,326,1939,1984,-521,846,
123,18,1911,1798,-474,693,
210,-169,1893,2211,-348,605,
313,92,1953,2094,-68,763,
208,90,1941,2000,76,741,
92,-216,1865,2687,-68,814,
58,82,1855,3009,-27,501,
3,505,1892,2531,-29,489,
-148,399,1852,2127,-209,506,
-227,140,1797,2348,-477,314,
-120,55,1886,2716,-630,212,
7,51,1911,3170,-593,234,
47,134,1874,3733,-485,297,
42,369,1797,4149,-348,444,
-69,711,1791,4068,-225,440,
-206,922,1774,3665,-304,367,
-270,867,1825,3372,-411,134,
-243,779,1837,3242,-502,113,
-227,810,1780,3121,-573,250,
-205,891,1808,2938,-619,356,
-239,832,1751,2907,-751,517,
-239,850,1801,3071,-763,149,
-165,931,1795,3046,-812,437,
-120,996,1694,3291,-838,601,
-134,1341,1741,3116,-909,679,
-72,1625,1801,2537,-940,499,
-19,1717,1812,1847,-989,606,
75,1741,1836,1337,-838,165,
283,1835,1851,792,-488,-223,
321,1870,1799,207,-248,84,
171,1837,1825,-193,-220,-241,
192,1717,1812,-490,-244,-452,
288,1551,1901,-767,-136,-343,
277,1299,1797,-648,-30,-158,
98,1262,1723,-259,-239,-143,
44,1465,1893,-486,-471,-669,
182,1324,1994,-1016,-582,-522,
286,935,1861,-771,-502,-378,
242,937,1792,-310,-506,-218,
164,1298,1743,-339,-701,-291,
181,1657,1737,-840,-988,-688,
335,1699,1821,-1591,-1107,-1052,
554,1524,1703,-1841,-1013,-1192,
600,1515,1787,-2223,-855,-1286,
626,1467,1893,-2897,-648,-1585,
693,1293,1816,-3545,-399,-1558,
503,810,1867,-4008,-264,-1207,
316,180,1770,-3435,-335,-1229,
250,-53,1787,-2532,-572,-835,
273,309,1769,-1635,-883,-1126,
465,1042,2081,-2281,-1063,-1280,
683,1075,2093,-3282,-967,-1284,
714,590,1886,-3237,-821,-1133,
627,419,1856,-2906,-763,-947,
638,527,1935,-3006,-645,-927,
728,497,1948,-3207,-366,-879,
766,407,1952,-3347,-36,-726,
645,391,1882,-3453,157,-632,
511,277,1915,-3556,150,-833,
584,115,1967,-3300,128,-1179,
786,109,2101,-3188,297,-1236,
862,68,2120,-3199,559,-816,
732,-24,2054,-2961,703,-792,
629,-5,2047,-2692,689,-1107,
729,-25,2076,-2504,802,-1222,
826,-25,1982,-2374,1085,-805,
619,5,1887,-2342,1245,-449,
422,62,1859,-2284,1189,-679,
516,166,1992,-2589,1221,-989,
713,84,2040,-2954,1477,-765,
698,-86,2062,-3282,1754,-302,
389,-524,2002,-3012,1782,-378,
337,-776,1932,-2124,1684,-708,
475,-548,2022,-1718,1713,-427,
456,-414,2056,-1939,1839,41,
244,-643,1946,-1716,1784,226,
166,-697,1898,-1102,1663,60,
228,-478,1965,-1100,1703,124,
147,-527,1969,-1396,1782,531,
-25,-819,1843,-1088,1750,716,
-125,-834,1864,-853,1662,896,
-199,-785,1912,-897,1547,982,
-160,-824,1890,-844,1502,1125,
-160,-839,1877,-607,1399,1323,
-114,-698,1952,-415,1341,1024,
-31,-694,2032,-536,1412,1094,
-106,-1014,1944,-75,1381,1581,
-155,-995,1876,692,1486,1462,
-209,-693,1868,855,1468,1795,
-342,-488,1922,683,1484,1537,
-349,-561,1843,749,1418,1446,
-321,-645,1846,1070,1408,1625,
-358,-564,1892,1412,1378,1623,
-353,-440,1898,1737,1265,1531,
-206,-147,1848,2332,1096,1157,
39,386,2102,1986,1265,931,
3,427,2152,1232,1571,992,
-279,-86,1906,1542,1651,863,
-446,-178,1763,2484,1461,816,
-195,348,1877,2612,1699,341,
-150,727,2018,1839,1896,964,
-371,662,1938,1352,1990,552,
-460,427,1845,1519,1873,319,
-442,526,1902,1626,1767,283,
-376,721,1962,1335,1873,86,
-418,745,1972,966,2015,31,
-505,663,1890,907,2090,-184,
-640,685,1849,777,2041,-21,
-770,891,1847,367,1890,-51,
-839,1018,1888,-383,1670,-212,
-806,910,1907,-975,1484,-393,
-703,680,1884,-1113,1414,-533,
-625,577,1914,-1138,1498,-401,
-683,547,1917,-1341,1648,-305,
-905,453,1862,-1492,1637,-541,
-1101,261,1874,-1634,1417,-660,
-1173,-1,1859,-1509,1152,-789,
-1174,-177,1904,-1291,1030,-909,
-1158,-261,1895,-964,880,-907,
-1197,-258,1869,-679,691,-926,
-1261,-212,1848,-486,416,-996,
-1224,-147,1878,-457,241,-1166,
-1146,-87,1845,-502,99,-1060,
-1190,-6,1798,-552,-114,-922,
-1113,192,1801,-757,-341,-1025,
-989,331,1847,-1256,-482,-1005,
-908,263,1812,-1628,-498,-1059,
-862,190,1814,-1947,-545,-884,
-839,80,1927,-2413,-452,-1057,
-865,-291,1976,-2649,-407,-943,
-914,-773,1851,-2126,-435,-788,
-915,-842,1912,-1523,-508,-615,
-885,-702,1946,-1151,-658,-604,
-931,-648,1898,-971,-862,-349,
-1009,-656,1834,-706,-1059,-369,
-950,-479,1784,-500,-1358,-353,
-833,-195,1896,-799,-1535,-460,
-796,-321,1931,-1237,-1392,-669,
-684,-800,1836,-725,-1161,-591,
-636,-684,1869,-403,-1061,31,
-742,-371,1933,-748,-1013,-149,
-852,-460,1899,-981,-1254,-352,
-850,-658,1896,-886,-1639,-205,
-717,-809,1837,-466,-1852,-224,
-534,-656,1946,-376,-1873,-213,
-540,-607,1963,-549,-1976,-228,
-449,-784,1889,-396,-1973,-419,
-339,-918,1975,-185,-1904,-189,
-303,-948,1986,28,-1755,103,
-328,-899,1872,197,-1706,283,
-397,-867,1963,354,-1777,313,
-357,-878,1882,482,-1761,116,
-227,-873,1959,602,-1741,169,
-176,-898,1984,824,-1686,390,
-150,-813,1868,1104,-1648,291,
-79,-656,1995,1106,-1606,227,
46,-608,1955,1100,-1426,204,
43,-694,1929,1278,-1336,349,
-2,-703,1969,1503,-1329,552,
38,-655,1968,1647,-1298,533,
103,-646,2003,1702,-1219,804,
59,-670,1937,1953,-1258,890,
95,-495,1953,2200,-1295,635,
235,-262,2064,1979,-1195,503,
308,-267,2028,1873,-1048,500,
271,-294,1944,2097,-1013,509,
301,-110,2030,2110,-975,427,
335,20,2105,1714,-864,497,
284,-152,2004,1662,-728,544,
207,-290,1980,1898,-689,739,
155,-278,2011,2032,-654,801,
125,-251,1973,2067,-620,975,
111,-243,1935,2309,-635,1099,
101,-85,1906,2576,-725,1200,
179,255,1940,2734,-827,767,
353,613,2103,2261,-777,423,
465,542,2143,1584,-463,409,
282,130,2004,1446,-216,690,
40,-117,1863,1904,-206,667,
9,155,1868,2067,-249,591,
58,421,1982,1531,-204,626,
81,314,1951,1302,-114,479,
95,237,1906,1564,-73,481,
108,528,1935,1550,-91,484,
79,611,2062,1179,-101,273,
92,340,1985,1198,-34,243,
9,132,1966,1415,39,455,
-126,115,1883,1798,-47,487,
-179,228,1917,1945,-182,430,
-149,312,1961,1916,-274,331,
-92,240,1991,1953,-260,240,
-43,93,1905,2406,-145,277,
-136,93,1875,2862,-129,642,
-321,-44,1852,3844,-241,375,
-352,332,1786,4047,-248,242,
-301,736,1839,3710,-139,81,
-356,901,1810,3093,-125,486,
-540,908,1790,2659,-440,555,
-538,733,1809,2812,-706,-256,
-316,681,1841,2922,-730,-119,
-262,718,1833,3004,-629,368,
-389,880,1806,2921,-648,518,
-413,1109,1838,2470,-718,339,
-296,1128,1831,2044,-703,200,
-163,1013,1762,2110,-633,340,
-147,1105,1769,2278,-616,443,
-133,1400,1775,2170,-637,197,
-67,1682,1791,1603,-689,107,
46,1748,1815,988,-576,-129,
114,1683,1866,368,-408,13,
82,1491,1816,130,-294,89,
101,1496,1776,107,-237,-86,
114,1607,1839,-272,-236,-90,
97,1502,1907,-660,-258,-303,
43,1129,1883,-620,-389,-191,
43,938,1847,-153,-538,-174,
38,1011,1874,98,-734,-34,
67,1191,1859,135,-969,-7,
100,1319,1891,-261,-1176,175,
113,1227,1646,-229,-1390,161,
122,1312,1679,-138,-1619,-211,
325,1680,1760,-613,-1622,-653,
514,1876,1835,-1806,-1402,-544,
532,1608,1719,-2546,-1122,-717,
426,1217,1777,-2807,-1011,-861,
410,963,1870,-2750,-1054,-1037,
523,934,2000,-2590,-1122,-1442,
701,991,2185,-2927,-1051,-1371,
690,688,2089,-3249,-860,-728,
313,191,1743,-2604,-986,-265,
48,236,1595,-1527,-1458,-848,
395,914,1788,-1397,-1670,-1446,
932,1378,2025,-2522,-1266,-1091,
953,1113,1962,-3428,-694,-611,
687,616,1834,-3526,-270,-780,
546,314,1770,-3184,-77,-680,
615,403,1849,-2883,88,-1036,
840,593,2042,-3159,446,-1132,
896,532,2008,-3529,820,-667,
660,375,1903,-3350,892,-908,
567,383,2042,-3254,760,-1532,
759,275,2129,-3276,773,-1528,
836,-13,2093,-2983,973,-1070,
689,-187,2018,-2333,1117,-813,
544,-83,2030,-1918,1129,-764,
542,53,1987,-1683,1135,-768,
612,258,2010,-1837,1256,-703,
549,283,2038,-2448,1410,-453,
330,-120,1942,-2635,1405,-260,
227,-458,1852,-1975,1330,-577,
337,-363,1929,-1560,1344,-390,
371,-188,2030,-1594,1453,-164,
293,-212,2026,-1728,1488,-47,
174,-446,1991,-1546,1394,-7,
121,-628,1982,-1109,1278,-77,
161,-632,1969,-758,1227,138,
138,-528,1987,-546,1162,311,
109,-316,2050,-711,1058,315,
114,-348,2065,-849,862,494,
185,-489,2036,-454,897,-105,
187,-480,2048,-316,743,662,
162,-500,1926,202,666,764,
-11,-498,1973,386,664,1443,
-74,-530,1854,970,544,1345,
-90,-336,1968,1181,397,1377,
-57,-170,2012,1075,314,1356,
157,-103,2027,1038,750,842,
125,-57,1857,1094,846,1566,
-2,272,1941,1037,920,1041,
85,578,2056,205,1100,669,
69,275,1996,-217,1305,660,
-130,-222,1866,391,1280,882,
-227,-162,1839,1246,1151,796,
-190,280,1879,1119,1180,299,
-97,438,2067,253,1585,445,
-404,-55,1865,312,1469,902,
-447,-209,1799,1249,1327,323,
-261,259,1965,1424,1125,403,
-61,657,2001,1004,1364,-235,
-125,512,2055,501,1643,-97,
-376,79,1876,871,1779,-82,
-567,116,1835,1376,1635,37,
-543,607,1995,982,1522,-43,
-491,787,2031,197,1589,-291,
-506,566,1931,-88,1556,-249,
-612,378,1901,78,1455,-26,
-686,488,1899,155,1272,18,
-704,704,1942,-141,1015,-8,
-694,739,1970,-599,835,-106,
-663,529,1954,-698,710,-177,
-623,406,1913,-472,594,-87,
-579,515,1996,-565,615,-55,
-657,473,1992,-748,564,-123,
-661,287,1978,-663,530,-310,
-571,215,2043,-631,658,-395,
-663,152,2057,-711,793,-373,
-808,93,1993,-669,753,-503,
-793,169,1968,-646,608,-640,
-688,286,1995,-882,603,-662,
-687,284,1933,-989,531,-588,
-665,329,1922,-1079,463,-471,
-639,454,1912,-1330,448,-515,
-596,537,1893,-1629,363,-634,
-488,538,1902,-1999,386,-731,
-474,440,1931,-2361,396,-618,
-574,238,1943,-2701,375,-485,
-680,-119,1975,-2679,345,-547,
-617,-375,1950,-2256,369,-627,
-553,-384,1993,-1935,482,-474,
-523,-345,2014,-1839,885,-799,
-799,-491,1983,-1713,804,-387,
-951,-506,1912,-1387,569,-707,
-899,-403,2005,-1503,320,-548,
-903,-507,1942,-1434,144,-564,
-918,-575,1942,-1127,-132,-634,
-798,-414,1978,-1111,-293,-545,
-774,-349,1968,-1269,-358,-486,
-916,-437,1902,-1153,-797,-323,
-816,-409,1840,-871,-1069,-524,
-564,-227,1976,-1134,-1027,-450,
-548,-314,2000,-1451,-907,-240,
-690,-537,1900,-1366,-1126,-44,
-811,-597,1897,-1125,-1569,-319,
-546,-479,1994,-1303,-1633,-486,
-422,-732,2049,-1305,-1524,-304,
-421,-982,1905,-675,-1484,-70,
-457,-775,1941,-316,-1546,112,
-491,-538,1988,-347,-1697,50,
-431,-525,1999,-494,-1703,-122,
-320,-665,1837,-232,-1678,-53,
-276,-539,1909,-142,-1623,160,
-334,-466,1959,-344,-1634,250,
-333,-541,1863,-284,-1675,22,
-204,-550,1959,-184,-1625,-69,
-125,-549,1957,-191,-1563,-19,
-63,-644,1920,15,-1437,-237,
-27,-609,1946,84,-1344,-3,
-63,-611,2057,66,-1373,108,
-81,-747,2024,389,-1508,-148,
73,-776,2001,744,-1539,-104,
168,-634,2044,772,-1422,225,
25,-713,2029,809,-1404,513,
-73,-838,1971,1174,-1484,517,
-3,-714,1963,1264,-1548,531,
41,-531,2102,1023,-1445,519,
88,-575,1984,840,-1389,368,
106,-804,1998,986,-1364,325,
95,-1010,1956,1569,-1459,582,
166,-823,1945,2108,-1512,614,
212,-511,2039,1971,-1453,656,
220,-547,1998,2048,-1442,446,
358,-538,1877,2557,-1459,263,
487,-271,2000,2666,-1401,569,
543,-57,2062,2607,-1343,508,
535,-12,2046,2576,-1416,567,
633,21,2030,2659,-1308,524,
670,38,2042,2615,-1161,856,
617,50,2029,2536,-939,995,
523,153,2023,2236,-798,1006,
520,142,1992,2030,-665,845,
603,114,2012,1897,-530,827,
674,1,2038,2032,-408,907,
795,126,1946,2616,-284,596,
890,574,2119,2272,-45,619,
814,619,2107,1657,285,595,
528,270,1945,1522,385,752,
243,4,1833,2019,235,663,
279,130,1916,2343,68,490,
449,398,2017,2129,173,452,
500,384,2032,1861,361,617,
440,268,1905,2157,431,428,
544,539,1955,2528,456,-154,
756,953,2095,1960,807,-371,
683,905,1982,1254,1315,-121,
263,656,1876,919,1513,173,
-80,537,1826,880,1311,-82,
-29,541,1889,761,1143,-380,
211,492,2009,491,1390,-98,
111,315,1981,318,1673,528,
-227,66,1849,778,1626,343,
-370,127,1847,1085,1373,352,
-425,200,1917,988,1160,553,
-479,131,1862,1205,851,449,
-399,246,1912,1406,607,223,
-210,383,1996,1403,638,21,
-111,397,1987,1402,874,129,
-223,315,1924,1679,1121,118,
-502,364,1888,1784,1089,153,
-770,449,1892,1686,729,71,
-746,431,1931,1580,411,-247,
-542,295,1880,1832,267,-159,
-410,390,1862,2402,245,-245,
-335,847,1966,2254,254,-237,
-308,1026,2016,1657,282,-261,
-384,829,1866,1445,285,-195,
-503,767,1862,1380,151,-89,
-607,810,1901,1152,-58,-126,
-585,782,1851,919,-218,-87,
-536,738,1825,795,-329,-241,
-477,662,1942,633,-278,-264,
-317,501,1948,771,-53,-259,
-292,457,1903,1166,147,-141,
-386,592,1849,1305,156,267,
-518,735,1726,1509,-81,262,
-510,998,1745,1414,-441,59,
-242,1219,1839,913,-467,30,
-112,1110,1809,473,-344,557,
-177,968,1755,545,-258,599,
-290,1029,1768,614,-387,565,
-214,1158,1850,658,-548,185,
67,1230,1954,463,-384,263,
89,1150,1898,431,-166,602,
-79,1227,1798,546,-140,276,
-100,1432,1857,137,-182,146,
-148,1268,1871,-233,-288,156,
-177,946,1848,31,-403,-146,
-126,945,1913,58,-516,113,
-151,853,1829,110,-623,211,
-243,753,1729,578,-949,255,
-14,1055,1849,673,-1008,-205,
271,1263,1880,303,-800,6,
182,1320,1721,28,-689,4,
87,1438,1655,-214,-757,-413,
250,1605,1693,-919,-667,-505,
343,1461,1762,-1481,-456,-349,
280,1229,1804,-1545,-341,-450,
325,1156,1938,-1709,-213,-632,
363,995,2000,-1694,-150,-751,
398,935,2105,-1633,-85,-974,
430,770,2102,-1368,-20,-973,
371,749,2051,-999,-57,-840,
245,873,1972,-952,-188,-936,
206,839,1903,-821,-410,-1007,
291,969,1891,-848,-497,-1104,
417,1074,1993,-1342,-381,-1081,
402,906,1947,-1685,-249,-916,
329,849,1906,-1794,-197,-1006,
391,901,1881,-2049,-125,-1127,
396,728,1937,-2234,-21,-1064,
392,552,1940,-1996,59,-1058,
407,630,1964,-1903,145,-1129,
398,566,2014,-1908,231,-1233,
423,430,1987,-1536,277,-1338,
440,564,2055,-1577,347,-1339,
342,482,2100,-1693,372,-1468,
426,347,2045,-1324,444,-1566,
539,607,2071,-1310,647,-1471,
398,748,2080,-1877,788,-1543,
195,339,1976,-1986,702,-1642,
165,8,1979,-1585,638,-1622,
249,-7,1997,-1125,645,-1391,
201,199,2064,-1093,567,-1331,
139,211,2138,-1360,501,-1552,
168,-122,2109,-1302,500,-1295,
123,-291,2004,-714,463,-1070,
179,43,2033,-515,454,-992,
184,310,2034,-868,471,-998,
89,167,1948,-1002,426,-1067,
33,-54,1953,-742,381,-998,
120,36,2008,-475,466,-995,
168,283,2096,-709,657,-920,
71,279,2116,-1201,713,-655,
-7,-82,2086,-1137,743,-504,
18,-268,1971,-454,787,-398,
-46,86,2053,-509,724,-415,
-110,216,2080,-1000,569,-550,
-47,-72,2035,-1092,445,-342,
11,-161,2001,-852,389,-57,
-16,-50,2085,-984,363,139,
-19,-169,2119,-1193,409,436,
-191,-567,1991,-566,274,764,
-123,-388,2070,-19,268,641,
-183,-50,2104,-293,248,201,
-134,-215,2012,-427,184,199,
-44,-352,1956,-202,240,407,
-80,-222,1956,-107,163,656,
-97,-171,2034,-106,77,672,
-94,-179,2018,59,20,513,
-115,-172,1958,361,-80,398,
-105,27,2019,315,-47,301,
-199,-54,1948,299,-103,509,
-189,-94,1821,814,-95,149,
-167,124,1898,933,-130,447,
-209,272,1898,902,-124,214,
-73,319,1893,896,87,-23,
-18,389,1904,868,384,204,
-166,527,1895,713,591,25,
-225,491,1889,466,758,163,
-269,382,1829,468,902,230,
-385,357,1893,566,941,251,
-409,544,1901,452,958,67,
-430,594,1884,198,959,-62,
-491,507,1821,260,847,-64,
-502,587,1810,279,697,-95,
-550,718,1892,22,523,-192,
-468,635,1895,-41,464,-237,
-386,632,1886,16,548,-115,
-448,797,1908,-255,653,-50,
-551,812,1930,-634,686,-180,
-464,688,1922,-722,840,-146,
-410,688,1903,-764,1078,-41,
-520,776,1895,-975,1210,-254,
-514,767,1893,-1300,1213,-456,
-602,585,1872,-1429,1071,-587,
-596,360,2004,-1405,1058,-668,
-553,286,2013,-1372,1228,-702,
-612,271,2059,-1455,1351,-702,
-652,220,2065,-1457,1480,-836,
-647,240,2015,-1600,1626,-679,
-811,242,1954,-1778,1596,-618,
-870,148,1861,-1678,1411,-513,
-760,274,1807,-1630,1256,-251,
-833,415,1773,-1855,962,-68,
-852,303,1810,-1994,613,-123,
-707,169,1917,-2130,437,-143,
-743,-11,1907,-2161,366,-220,
-850,-190,1964,-2014,230,-275,
-717,-201,2138,-1994,396,-282,
-585,-107,2247,-2288,833,-183,
-707,-121,2125,-2610,1132,-209,
-880,-335,1984,-2536,1107,-154,
-926,-437,1902,-2303,965,-45,
-1077,-454,1966,-2280,622,157,
-1093,-565,2020,-2187,303,219,
-980,-624,1984,-1902,102,288,
-941,-535,2092,-1980,13,464,
-1027,-646,2102,-2061,-52,499,
-1022,-739,2005,-1838,-234,694,
-954,-532,1954,-1856,-327,741,
-984,-404,1980,-2129,-593,809,
-905,-474,1857,-2190,-826,675,
-821,-528,1908,-2203,-1007,887,
-752,-498,1979,-2299,-1109,880,
-676,-628,2048,-2320,-1118,781,
-632,-828,2005,-2212,-1053,1052,
-750,-927,1977,-1984,-1191,1252,
-810,-799,1963,-1888,-1500,1137,
-815,-640,1886,-2083,-2135,1487,
-890,-623,1934,-2677,-2687,1224,
-847,-975,1923,-2924,-2989,1087,
-710,-1249,1709,-2668,-3255,1910,
-861,-1297,1761,-2495,-3658,3403,
-975,-1018,1935,-2798,-4090,3731,
-804,-837,2036,-3453,-5550,4551,
-2291,-126,301,-3166,-10051,767,
-92,-314,2292,-3570,-9641,-6980,
3692,-1639,2316,-3553,-2102,-8233,
1917,-3994,1294,-436,-1127,6687,
379,-2600,1472,3429,-462,8087,
-1197,-102,2176,1963,-1216,1759,
-1049,-482,1309,2087,-2455,-3906,
535,-983,1919,1447,-2264,-2759,
1011,-1675,1343,2724,-1388,1605,
204,-1795,1530,4678,-1808,4095,
-129,-410,1787,4519,-1933,1180,
61,514,1946,2539,-1811,-2084,
323,-35,1859,1005,-1592,-2443,
378,-1023,1729,1217,-1467,-1288,
324,-1150,1677,2159,-1578,-513,
-197,-728,1699,2235,-2377,343,
-529,-960,1623,2173,-4762,709,
1050,-1379,1202,9033,-8005,-594,
1898,-241,1247,10062,-7266,-456,
3275,1591,1868,8140,-4042,-222,
3434,2482,2532,3252,-138,2781,
2211,1318,2209,362,2559,2557,
561,-311,1554,1238,2053,1139,
54,-826,1417,4038,151,-1501,
765,-540,1480,5848,-951,-1279,
1735,458,1970,5438,330,-999,
1971,1272,2196,3084,2138,-360,
1476,1025,1980,1123,3083,122,
743,458,1784,595,3191,-1305,
494,-17,1677,1636,3158,-2972,
347,362,1724,2020,2742,-4353,
706,284,1790,2096,2710,-3219,
931,410,1773,2005,3274,-2076,
658,321,1892,1302,3517,108,
206,3,1872,1703,3539,-271,
-175,388,1774,2273,3175,-1395,
-104,362,1774,2559,2800,-1511,
56,182,1736,3210,2484,-831,
-17,642,1899,3377,2652,-2556,
-196,1035,2068,1809,2606,-2620,
409,368,1656,1762,2643,-410,
-4,270,1858,2236,3416,-236,
-395,300,1797,2601,3788,-2215,
-636,179,1722,2901,3010,-1168,
-630,388,1887,2737,2486,-598,
-233,555,1757,3091,2908,-2276,
-291,1286,1982,1947,3229,-2354,
-445,991,1935,440,3008,-773,
-949,626,1670,739,2352,-2393,
-987,710,1776,641,1414,-2877,
-653,266,1788,1180,1364,-1763,
-872,629,1891,818,1227,-932,
-939,396,1680,1139,1073,-931,
-977,388,1816,1234,791,-300,
-1063,225,1834,1499,625,41,
-1024,433,1703,1883,518,-222,
-1227,772,1803,1258,-93,-278,
-1184,452,1750,1411,-728,-120,
-1055,628,1687,1969,-1041,-676,
-849,1160,2068,1090,-1047,-816,
-630,905,1893,766,-654,110,
-973,868,1756,1073,-618,55,
-891,841,1763,1188,-675,547,
-861,807,1771,1510,-585,1204,
-908,1039,1797,1229,-626,1524,
-869,814,1676,1528,-718,2175,
-864,984,1682,1923,-855,2343,
-818,1067,1696,2104,-1085,2411,
-900,1051,1700,2279,-1519,2531,
-842,923,1596,2800,-1932,2214,
-699,1097,1542,3174,-2229,2261,
-667,1216,1524,3245,-2514,2386,
-549,1301,1465,3404,-2790,2171,
-549,1670,1580,2610,-3192,1869,
-418,1394,1523,2372,-3501,1807,
-483,1572,1627,1955,-3859,1316,
-250,1595,1633,1398,-4029,880,
-13,1377,1466,1427,-3968,923,
-104,1502,1471,1317,-4418,1288,
87,1614,1429,1103,-4683,1276,
306,1771,1530,805,-4407,1152,
396,1938,1432,346,-4245,1396,
228,1950,1429,-206,-4412,1137,
281,1588,1361,-164,-4664,930,
560,1572,1466,-128,-4526,953,
799,1677,1594,-631,-3945,1039,
860,1401,1539,-754,-3219,1160,
672,1399,1440,-845,-2917,1278,
502,1531,1410,-1340,-3096,1360,
454,1364,1302,-1475,-3373,1461,
471,1395,1188,-1137,-3659,1323,
577,1895,1187,-1698,-4128,1701,
668,1840,1172,-2427,-4449,2142,
736,1513,1193,-2715,-4697,2424,
872,1311,1398,-3054,-4989,2367,
1377,1236,1588,-3138,-4423,1090,
1785,1325,1689,-3613,-3455,833,
1788,1208,1637,-3955,-2538,636,
1601,1009,1534,-3992,-1931,295,
1371,1106,1354,-4100,-1784,-56,
1241,1354,1246,-4583,-1972,-340,
1347,1230,1245,-4941,-2113,-305,
1520,890,1305,-4820,-1929,-84,
1548,853,1339,-4696,-1666,-67,
1613,831,1415,-4873,-1349,-66,
1722,679,1497,-5067,-792,66,
1757,647,1549,-5326,-196,33,
1805,651,1646,-5713,457,-385,
1988,444,1622,-5724,1401,-446,
1845,243,1417,-5341,2117,261,
1460,255,1258,-4809,2244,460,
1366,515,1485,-5137,2038,415,
1412,253,1523,-5156,1891,217,
1655,-74,1536,-4604,2140,463,
1527,-157,1751,-4651,2301,662,
1576,-491,1736,-4110,2767,-205,
1718,-421,1797,-3852,3473,-258,
1369,-329,1710,-3811,3782,-62,
1042,-382,1535,-3430,3692,-305,
974,-167,1570,-3468,3587,-470,
946,-224,1583,-3539,3585,-286,
1030,-238,1601,-3284,3805,-558,
960,-61,1792,-3914,3943,-342,
712,-514,1644,-3764,3845,-579,
590,-672,1692,-3301,3739,-758,
657,-566,1677,-3224,3766,-358,
418,-509,1763,-3574,3613,-19,
264,-794,1661,-3400,3233,-23,
441,-926,1706,-2950,3157,427,
434,-813,1758,-2831,3150,611,
417,-767,1817,-2876,3160,436,
342,-885,1764,-2883,2991,666,
168,-1213,1731,-2261,2667,665,
257,-1259,1771,-1508,2399,687,
466,-1117,1901,-1281,2478,1007,
486,-1045,1922,-1211,2684,1078,
431,-1197,1879,-1004,2942,1157,
473,-1495,1844,-312,3471,1505,
288,-1572,1692,927,3758,1706,
37,-1179,1758,1419,3841,1677,
-117,-1065,1776,1474,3610,1928,
-198,-1298,1701,2170,3418,1944,
-82,-1293,1698,3347,3369,1995,
73,-628,1799,3810,3575,1589,
146,-134,1863,3243,3703,1524,
-8,-352,1789,3178,3663,1508,
-156,-448,1795,3342,3482,1361,
-238,-426,1790,3715,3371,695,
-196,-313,1830,3831,3333,926,
-332,-333,1709,4083,3256,1351,
-584,-200,1670,4348,2926,1383,
-642,29,1680,4398,2501,1470,
-544,324,1729,4158,2320,1631,
-570,434,1914,3530,2315,1414,
-586,288,1796,3046,2372,508,
-681,129,1900,3289,1894,444,
-158,233,1726,3886,2753,-729,
-23,350,1734,4063,3942,-453,
-644,623,1903,2872,3657,1520,
-1120,409,1658,2659,3019,599,
-947,425,1687,2747,2799,184,
-681,549,1749,2404,3069,746,
-834,616,1651,2295,3073,1281,
-875,1003,1799,1686,3093,1025,
-925,949,1710,1391,3006,644,
-827,1017,1754,1217,3050,617,
-734,1023,1730,1192,3405,88,
-845,1158,1717,990,3563,-222,
-770,1529,1747,214,3613,-65,
-879,1619,1657,-492,3639,-245,
-1111,1642,1536,-1047,3582,-1478,
-1166,1686,1510,-1747,3314,-2800,
-912,1687,1553,-2565,3250,-3151,
-843,1426,1585,-3217,3752,-2996,
-850,982,1572,-3677,4558,-2539,
-1185,400,1480,-3272,4887,-1861,
-1557,268,1319,-3118,4409,-1108,
-2085,384,1504,-3108,3123,-2284,
-1961,533,1594,-3917,2307,-3674,
-1639,57,1346,-3744,1894,-3586,
-1561,71,1331,-3566,1701,-2967,
-1721,150,1321,-3879,1569,-3296,
-1636,140,1167,-4144,1263,-3462,
-1517,85,1133,-4273,1295,-3862,
-1496,-107,1153,-4131,1214,-3827,
-1427,0,1305,-4409,1227,-3552,
-1411,-44,1280,-4876,1295,-3189,
-1457,-250,1259,-5260,1735,-3184,
-1178,-101,1210,-6705,2353,-1197,
-2353,-1207,872,-4914,671,-610,
-2181,-366,1363,-5285,55,-2514,
-1795,-582,1274,-5839,-18,-2827,
-1687,-1219,927,-4597,-738,-438,
-1673,-581,1251,-4823,-742,15,
-2102,-248,699,-6025,-1668,1216,
-2232,-1511,1082,-5294,-1797,-3715,
-2032,-1410,489,-3972,-3837,359,
-1028,-1214,1149,-4754,-1618,-2272,
-1958,-1127,771,-5002,-3319,3559,
-2142,-732,758,-6478,-3394,1559,
-2063,-1489,1346,-6628,-4197,1220,
-1996,-2756,481,-3353,-4539,-2166,
-1193,-2134,844,-1074,-4279,-1749,
-1002,-898,1253,-2310,-3678,-226,
-1505,-845,982,-3279,-4054,-180,
-1661,-997,821,-3295,-4865,-1636,
-1189,-847,980,-3823,-5199,-1906,
-850,-1050,1175,-4493,-4992,-1743,
-897,-1887,1225,-3906,-5027,-1556,
-899,-2639,1211,-1965,-5153,-1456,
-762,-2681,1160,25,-5053,-1361,
-654,-2097,1124,986,-4729,-1309,
-722,-1458,1132,465,-4591,-798,
-976,-1362,1032,-93,-4862,-1195,
-1021,-1527,1037,-91,-5369,-1724,
-673,-1479,1072,-140,-5579,-1184,
-432,-1269,1138,-631,-5419,-329,
-511,-1191,1133,-1413,-5275,59,
-718,-1451,1126,-1935,-5435,-506,
-791,-2071,1197,-1484,-5918,-1326,
-552,-2532,1154,-50,-6341,-1420,
-94,-2408,1222,1304,-6169,-1374,
348,-1794,1244,1645,-5205,-1243,
327,-1315,1266,1146,-4633,-553,
53,-1321,1266,676,-4652,-521,
-62,-1656,1276,783,-4824,-1197,
43,-1877,1217,1240,-5011,-1246,
291,-1829,1281,1523,-4851,-1009,
440,-1716,1414,1510,-4485,-840,
479,-1895,1346,1970,-4133,-1038,
341,-1926,1325,2708,-4135,-1011,
242,-1788,1289,3246,-4358,-1103,
384,-1644,1217,3893,-4420,-1588,
730,-1284,1235,4280,-4445,-977,
800,-761,1472,3561,-4696,540,
702,-967,1283,3602,-4809,-529,
1005,-1048,1705,3439,-4418,-1328,
1335,-1284,1442,3398,-3685,-920,
1202,-1489,1472,3928,-3113,-856,
1089,-1341,1592,4278,-2798,-933,
1083,-1348,1492,4717,-2662,-850,
1207,-1187,1417,5543,-2322,-1176,
1392,-492,1545,5428,-1886,-1246,
1560,61,1701,4096,-1259,-1126,
1571,-133,1749,3101,-308,-1255,
1450,-585,1740,2967,557,-897,
1243,-811,1680,3360,1111,-372,
920,-812,1688,3793,1271,-318,
690,-731,1629,4074,963,-184,
704,-702,1659,4390,894,-541,
661,-635,1651,4292,819,-409,
831,-605,1772,4250,1405,-744,
906,-406,1791,3988,1843,-257,
787,-306,1762,3641,2082,-126,
617,-460,1777,3915,2140,-847,
658,-622,1813,4753,2239,-1265,
729,-548,1688,5488,2344,-558,
650,-111,1673,5436,2430,-304,
482,210,1870,4534,2489,-734,
360,-6,1787,4181,2547,-1356,
438,-217,1762,4426,2500,-793,
370,-269,1786,4864,2419,-6,
231,-204,1782,5424,2458,-423,
287,66,1846,5467,2663,-879,
318,149,1763,5255,2681,-288,
252,217,1696,5377,2719,-207,
126,451,1741,5203,2453,-195,
135,648,1721,4945,2140,-355,
292,827,1834,4468,2149,-910,
410,754,1840,4047,2441,-1004,
438,628,1785,3985,2856,-676,
138,569,1764,3944,2922,20,
-223,554,1723,4015,2659,-236,
-431,617,1787,3738,2142,-791,
-390,546,1734,3539,1704,-869,
-315,480,1790,3511,1494,-504,
-261,255,1774,3768,1607,-220,
-309,186,1637,4575,1668,-8,
-455,522,1650,4909,1449,450,
-575,856,1617,4946,1053,384,
-525,1143,1696,4546,773,51,
-428,1046,1668,4269,676,12,
-385,853,1604,4435,703,525,
-466,900,1559,4637,626,854,
-566,852,1538,4865,511,973,
-665,915,1456,5178,91,1026,
-662,1169,1452,5243,-460,1159,
-563,1407,1527,4922,-808,1107,
-471,1410,1489,4482,-1153,1100,
-410,1527,1656,3770,-964,524,
-319,1384,1387,3552,-998,1121,
-429,1307,1225,3766,-1282,1970,
-521,1322,1053,4436,-1595,1739,
-512,1537,1117,4726,-2195,1949,
-415,1885,1105,4612,-2808,2155,
-259,2142,1144,4121,-3134,2148,
-152,2145,1234,3751,-3284,2272,
-192,1878,914,3905,-3836,2874,
261,1793,817,5210,-2942,1151,
195,3279,1318,2663,-3177,3136,
122,3081,1214,479,-3209,2850,
-221,2338,1085,-41,-3452,1431,
-14,1744,718,825,-3832,1077,
277,1804,756,1149,-4319,2787,
324,2124,900,978,-4318,2924,
245,2407,949,288,-4457,2434,
207,2439,888,-510,-5017,2337,
350,2310,894,-933,-5398,1653,
709,2242,1028,-1199,-5231,952,
1166,2241,1235,-1750,-4463,1006,
1456,2186,1533,-2535,-3271,1742,
1961,2290,925,-3108,-598,-83,
652,2187,753,-4451,-1783,4701,
165,2010,575,-4195,-1991,795,
16,1648,578,-3652,-3419,-331,
651,1668,359,-3331,-4399,1428,
783,1707,785,-3524,-4926,2553,
829,1778,842,-4289,-5359,3149,
935,1565,900,-4850,-5436,2407,
1121,1314,880,-5119,-5319,1791,
1476,1091,1021,-5123,-4845,1378,
1807,1028,915,-4645,-4195,1162,
2000,1285,1001,-4285,-3405,699,
2156,1677,1112,-4740,-2385,559,
2184,1691,928,-5298,-1440,1371,
1774,1717,739,-5852,-1079,2156,
1336,1527,686,-6478,-1471,2264,
1131,1108,675,-6761,-2042,1828,
1222,581,841,-6828,-2474,1775,
1536,155,868,-6031,-2393,1260,
1969,207,956,-5258,-2123,1299,
2347,427,1148,-4853,-1430,888,
2689,701,1316,-4848,-418,383,
2850,841,1292,-5179,742,376,
2734,509,1099,-5213,1795,1633,
2265,195,816,-5053,2858,2025,
1052,163,1060,-5368,2307,1604,
757,-441,778,-4505,1285,980,
1081,-423,854,-3472,645,1405,
1505,197,1179,-3880,418,2434,
1683,548,1540,-5200,431,1894,
2040,276,1472,-6004,940,51,
2514,-531,1502,-5630,1874,96,
2322,-1102,1126,-3962,2520,1378,
1917,-648,1257,-2595,2796,1299,
1640,240,1455,-3399,2687,890,
1510,95,1391,-4379,2632,270,
1596,-473,1260,-4155,2601,-84,
1696,-690,1507,-4083,2849,277,
1688,-1032,1441,-3502,3287,667,
1499,-1168,1378,-2354,3557,726,
1323,-825,1452,-1768,3452,897,
1269,-574,1506,-1707,3317,757,
1341,-545,1534,-1504,3455,237,
1453,-379,1587,-1520,3859,286,
1459,-230,1611,-1747,4300,557,
1274,-277,1590,-1852,4575,598,
1103,-430,1491,-1582,4592,596,
1066,-483,1603,-1472,4560,553,
1034,-713,1669,-1308,4652,275,
984,-1001,1689,-775,4885,258,
829,-1124,1597,129,4960,740,
686,-786,1624,770,4986,562,
710,-450,1778,652,5068,501,
643,-604,1609,1037,4983,746,
714,-413,1654,1650,5036,282,
732,21,1798,1145,5006,904,
595,-58,1779,710,5113,867,
375,-362,1704,615,5064,410,
183,-520,1773,679,4782,352,
206,-642,1814,1116,4815,-351,
228,-731,1672,1670,4714,420,
217,-608,1744,2056,4966,458,
116,-508,1780,2224,5149,453,
76,-310,1571,2157,5428,-268,
-101,-71,1895,1808,5206,-162,
-139,-84,1708,1678,4895,-122,
-267,-59,1773,1443,4684,-399,
-280,-48,1801,1248,4420,-266,
-277,-54,1787,1188,4125,74,
-389,107,1835,807,3803,100,
-530,59,1835,536,3362,364,
-226,-32,1922,467,4024,-1539,
-158,-296,1885,661,4414,-290,
-241,-561,1708,1732,4946,517,
-623,-307,1767,2258,5067,920,
-940,34,1810,2100,4802,485,
-973,183,1712,2112,4195,-315,
-703,426,1826,1971,3854,-587,
-470,572,1894,1442,3994,-376,
-554,429,1811,1250,4108,-99,
-850,303,1748,1406,4008,-24,
-1068,388,1707,1541,3715,-389,
-1067,670,1719,1170,3515,-736,
-1046,872,1771,375,3357,-770,
-1086,914,1662,-220,3227,-1197,
-1056,1006,1639,-734,2989,-1786,
-1013,1166,1723,-1483,2852,-2037,
-1057,1028,1739,-2235,2738,-1959,
-1188,693,1596,-2072,2521,-2165,
-1181,701,1618,-2110,2449,-1755,
-1324,726,1612,-2621,2603,-2162,
-1678,377,1668,-2913,2138,-2052,
-1708,-32,1575,-2569,1778,-2290,
-1728,-139,1649,-2314,1533,-2277,
-1739,-225,1703,-2260,1323,-2039,
-1778,-297,1722,-2071,1004,-1950,
-1920,-359,1706,-1866,592,-2090,
-1852,-424,1543,-1295,13,-2028,
-1648,-106,1560,-1154,-319,-1978,
-1631,103,1576,-1424,-529,-2222,
-435,122,1396,-1440,837,-1920,
-1475,147,1533,-2256,230,134,
-2646,-336,1302,-605,-1343,-4719,
-943,-87,1813,-1263,-1401,-3467,
-1147,-675,1545,-1278,-903,-2452,
-1655,-950,1378,-174,-1330,-2810,
-1304,-349,1690,-879,-1485,-2335,
-1484,-658,1493,-1175,-1710,-2072,
-1518,-898,1290,-610,-2230,-2239,
-1099,-561,1528,-1245,-2082,-1642,
-1202,-801,1491,-1534,-2145,-1321,
-1138,-860,1761,-1757,-2284,-1340,
-877,-970,1983,-2043,-2196,-835,
-897,-1329,1631,-1165,-2134,-657,
-938,-1149,1521,-400,-2323,-428,
-972,-815,1650,-683,-2327,-397,
-920,-952,1408,-382,-2266,-1290,
-765,-1030,1595,-392,-2422,-111,
-864,-921,1664,-512,-2390,-264,
-960,-1150,1696,-282,-2516,-792,
-636,-1087,1795,-253,-2462,-492,
-526,-1150,1878,-463,-2180,-34,
-670,-1576,1852,181,-2253,493,
-566,-1277,1808,466,-2311,773,
-534,-977,1812,118,-2384,782,
-572,-1086,1672,105,-2537,566,
-623,-1401,1710,391,-2771,602,
-524,-1452,1774,584,-2825,735,
-475,-1525,1797,840,-2885,836,
-411,-1620,1841,1229,-2875,873,
-373,-1838,1989,1745,-2835,1264,
-266,-1856,1990,2376,-2654,1828,
-148,-1405,1700,3088,-2556,2030,
-10,-424,1831,2830,-2625,1446,
117,-476,2061,2267,-2541,949,
205,-1075,1961,2716,-2331,1501,
62,-959,1856,3086,-2292,1890,
93,-758,1874,3001,-2264,1908,
280,-869,1852,3195,-2133,2231,
261,-653,1925,2974,-2023,2420,
167,-908,1938,3038,-2063,2344,
417,-1004,1777,4111,-2164,2762,
685,469,1871,4079,-2233,1837,
852,1229,2404,1860,-2001,597,
908,-172,2349,1570,-1515,1001,
543,-711,1863,2880,-1456,1684,
468,237,1980,2519,-1474,1491,
543,235,1936,2111,-1343,1096,
618,57,2085,1934,-1097,1253,
539,45,2157,1512,-773,1385,
416,-247,2003,1563,-541,1643,
292,-355,1803,2173,-465,1884,
236,56,1778,2502,-537,1638,
278,443,1824,2383,-671,1155,
271,291,1954,2374,-772,796,
389,272,1929,2716,-755,703,
349,774,2039,2074,-700,409,
264,480,2081,1429,-623,270,
312,92,1944,1674,-404,465,
144,228,1962,1610,-312,539,
95,203,1915,1548,-280,537,
109,198,1853,1514,-242,685,
20,142,1951,1432,-162,547,
93,-24,1868,1992,-123,713,
43,499,1787,2438,-223,217,
173,1075,1970,1777,-263,-294,
268,768,2013,1406,-59,-506,
252,598,1840,1611,188,-566,
46,1064,1822,942,112,-847,
-18,796,1939,173,-15,-952,
163,296,1860,547,199,-698,
62,682,1939,261,405,-682,
-116,760,1960,-508,328,-759,
-64,421,1882,-408,316,-672,
-111,441,1949,-422,348,-555,
-236,283,1936,-334,257,-632,
-207,179,1858,106,173,-615,
-343,387,1939,-44,-21,-634,
-262,155,1988,114,-43,-569,
-208,97,2049,421,191,-385,
-358,297,2084,138,326,-516,
-421,130,1992,-83,401,-371,
-481,-109,1893,316,482,-86,
-555,218,1926,194,462,43,
-644,241,1913,-222,328,191,
-630,-108,1860,278,195,475,
-478,159,1909,463,286,791,
-674,370,1938,462,132,424,
-488,340,2021,447,145,532,
-470,264,2076,749,298,488,
-435,500,2086,925,451,355,
-478,672,2050,750,530,193,
-444,520,1959,906,596,387,
-498,686,1832,1060,522,418,
-525,976,1816,685,323,403,
-400,993,1842,507,231,398,
-349,1078,1982,106,176,463,
-355,1053,2006,-205,121,450,
-243,1057,2031,-240,186,529,
-279,1027,2091,-193,205,452,
-210,906,2181,-93,288,333,
-192,945,2080,7,387,263,
-327,1040,2009,-221,221,-91,
-293,665,1970,0,5,-231,
-187,590,2079,367,-79,-158,
-132,724,2234,306,-70,-227,
-90,719,2241,207,14,-399,
-82,672,2096,331,65,-449,
-70,876,1974,300,92,-542,
-75,1006,1872,50,78,-688,
-61,958,1731,73,-1,-799,
-19,1204,1763,-274,-63,-910,
54,1177,1845,-585,-47,-1151,
164,1001,1997,-709,48,-1157,
106,887,2025,-754,35,-1202,
176,750,2069,-808,29,-1287,
206,563,2171,-803,84,-1296,
213,441,2188,-581,190,-1261,
192,447,2174,-377,255,-1275,
146,558,2105,-330,175,-1348,
103,628,2018,-603,-19,-1278,
110,517,1929,-549,-167,-1547,
243,540,2013,-402,-95,-1561,
168,541,2115,-422,-65,-1515,
280,416,2165,-246,-1,-1541,
342,384,2219,-54,202,-1390,
219,491,2170,-103,193,-1411,
195,479,2057,-84,112,-1591,
247,390,2068,39,94,-1558,
181,528,2111,-177,-65,-1600,
230,473,2104,-429,-196,-1605,
292,352,2122,-261,-220,-1538,
328,510,2272,-462,-164,-1583,
371,460,2240,-681,-69,-1492,
356,368,2147,-686,73,-1374,
347,375,2094,-620,275,-1250,
281,449,2012,-618,381,-1303,
181,399,1902,-595,361,-1488,
224,410,1905,-656,333,-1482,
121,406,1995,-940,234,-1681,
262,387,2070,-1138,283,-1667,
181,329,2057,-1372,289,-1739,
185,91,2052,-1256,282,-1789,
239,-20,2140,-1120,393,-1620,
180,-83,2117,-896,458,-1546,
100,-83,2054,-924,381,-1467,
22,-284,2049,-906,251,-1305,
64,-389,2027,-798,250,-927,
-51,-290,1986,-832,165,-784,
-75,-232,2018,-986,77,-795,
-28,-359,2043,-861,76,-615,
-56,-308,2096,-808,85,-474,
-150,-421,1991,-714,9,-392,
-124,-523,1903,-154,-120,-201,
-123,-177,2027,62,-107,-148,
-118,-50,2145,-100,-57,-278,
-99,-214,2033,122,-16,-26,
-176,-2,1948,44,-65,22,
-239,-120,1927,-56,-144,-3,
-97,-224,1973,-1,-89,280,
-280,-256,1961,-34,-151,313,
-258,-330,1865,68,-247,478,
-283,-318,1893,294,-308,486,
-217,-141,1971,287,-291,530,
-231,-106,1923,400,-250,432,
-194,-4,1928,505,-196,436,
-222,118,1934,310,-113,404,
-257,49,1892,378,-122,458,
-204,184,1843,348,-37,519,
-295,231,1880,272,-171,456,
-259,119,1933,276,-243,499,
-191,148,1996,404,-162,577,
-256,383,2026,301,-138,427,
-246,253,1972,420,-76,200,
-202,259,1976,913,7,225,
-218,618,2117,763,130,27,
-242,557,2002,754,189,-174,
-354,489,1878,857,82,-252,
-343,542,1839,933,-6,-306,
-347,695,1891,800,-54,-368,
-365,689,1880,669,-141,-468,
-362,596,1910,698,-182,-425,
-343,767,2012,390,-111,-393,
-383,689,2002,216,-52,-539,
-316,608,2029,270,106,-516,
-335,756,2032,164,264,-585,
-391,907,1942,-155,253,-793,
-424,724,1864,-192,183,-951,
-404,687,1891,-259,169,-917,
-450,661,1831,-247,98,-1000,
-436,723,1853,-419,39,-986,
-466,588,1871,-476,-39,-1062,
-382,531,1960,-424,22,-996,
-423,569,2026,-625,81,-1169,
-437,346,1981,-611,129,-1236,
-433,253,2041,-545,217,-1174,
-530,219,2022,-627,253,-1147,
-623,168,1907,-639,164,-1066,
-713,189,1878,-826,-11,-958,
-643,254,1903,-986,-83,-749,
-592,395,1961,-1225,-71,-716,
-566,402,1897,-1346,-75,-779,
-516,335,1906,-1405,-103,-907,
-474,65,1992,-1210,-94,-1026,
-438,-106,2142,-1100,-63,-1034,
-435,-247,2141,-1240,-53,-856,
-410,-310,2092,-1198,-12,-577,
-463,-210,2099,-1359,-42,-559,
-399,-337,2129,-1363,-18,-460,
-404,-342,2070,-1141,-34,-436,
-421,-419,2113,-1011,-139,-519,
-326,-659,2167,-626,-126,-359,
-304,-584,2262,-522,-13,-221,
-394,-597,2218,-493,-85,-179,
-389,-674,2203,-511,-157,6,
-375,-759,2233,-373,-156,184,
-317,-619,2312,-374,-94,435,
-302,-472,2306,-420,-10,468,
-249,-484,2266,-383,74,556,
-257,-537,2195,-211,111,637,
-211,-494,2164,-62,132,711,
-219,-439,2141,-55,88,745,
-187,-523,2124,37,87,759,
-200,-535,2105,98,97,797,
-171,-550,2097,255,62,838,
-130,-523,2174,328,112,932,
-42,-511,2226,429,214,1084,
-42,-368,2170,431,309,1194,
-101,-345,2046,456,243,1116,
-76,-441,2030,700,214,1191,
-33,-260,2065,758,172,1264,
-90,-147,1965,721,50,1142,
-27,-244,1948,952,-41,1196,
-22,-183,2015,995,-70,1253,
23,-168,1984,1029,-81,1335,
30,-85,1976,1110,-118,1319,
71,-9,2072,1093,-106,1259,
113,100,2067,895,-65,1198,
106,106,2016,679,-97,1202,
79,43,1952,673,-206,1181,
98,10,2001,803,-276,1120,
215,52,2176,853,-233,1275,
126,192,2098,549,-151,1169,
124,-44,1995,826,-162,1228,
75,134,2035,687,-249,1277,
47,-110,2030,877,-324,1059,
189,-67,1971,1059,-314,1485,
29,223,1898,1016,-472,1219,
58,436,1855,880,-713,1027,
67,319,1965,633,-852,732,
232,110,1961,857,-754,1043,
126,382,1964,788,-705,936,
179,475,1987,481,-725,896,
161,338,1964,396,-710,839,
170,155,1990,531,-639,867,
169,102,1983,722,-568,1019,
97,274,1882,935,-639,855,
149,530,1950,761,-660,635,
204,374,2162,622,-481,453,
184,289,2046,611,-333,606,
-54,353,1812,531,-441,505,
48,257,1816,747,-430,539,
34,402,1918,610,-331,507,
-59,337,1798,475,-347,391,
-76,312,1716,486,-408,476,
-110,387,1821,383,-495,433,
-55,378,1950,319,-468,367,
-54,365,2019,229,-387,404,
-138,382,1956,151,-348,391,
-140,406,1939,158,-272,408,
-209,522,1882,-9,-263,399,
-296,314,1833,64,-329,285,
-167,284,1900,256,-247,528,
-334,591,1875,-22,-341,410,
-293,434,1918,-195,-421,263,
-203,321,1994,21,-291,376,
-335,464,2024,-149,-227,269,
-341,283,1944,29,-128,274,
-352,411,1968,-26,34,415,
-426,389,1909,-50,101,433,
-478,393,1872,214,63,604,
-456,595,2047,182,106,588,
-398,678,2037,209,220,726,
-457,762,2001,216,275,673,
-423,813,1977,236,350,618,
-418,834,1985,343,418,546,
-350,987,2106,165,509,420,
-328,939,2181,-106,626,261,
-327,838,2131,-66,659,198,
-433,780,2133,-172,492,-26,
-336,477,2135,65,430,-64,
-308,336,2196,469,481,-91,
-296,385,2273,652,530,-231,
-255,329,2224,1018,623,-351,
-186,498,2244,1346,810,-448,
-220,667,2093,1412,869,-514,
-225,736,1841,1623,792,-445,
-264,1048,1740,1438,613,-455,
-233,1150,1644,1276,424,-455,
-183,1545,1659,802,282,-518,
-212,1711,1675,-219,98,-847,
-52,1371,1690,-484,85,-924,
-17,1484,1932,-936,104,-1131,
-15,1172,2055,-1032,65,-1570,
116,865,2239,-651,154,-1741,
218,895,2384,-507,337,-1970,
192,882,2371,-479,412,-2279,
131,576,2256,-344,351,-2319,
161,549,2245,-319,344,-2130,
126,794,2189,-737,376,-1995,
57,705,1999,-840,311,-2021,
99,712,1910,-920,242,-1998,
83,564,1843,-989,99,-2157,
219,309,1905,-852,37,-2061,
280,206,1941,-442,52,-1967,
319,469,2103,-339,32,-2056,
304,450,2204,-658,-7,-2139,
380,86,2073,-352,45,-1840,
319,328,2087,-307,106,-1788,
278,329,2060,-462,92,-1908,
304,117,2036,-309,105,-1778,
337,273,2113,-498,183,-1585,
247,291,2047,-609,176,-1705,
274,281,2030,-659,136,-1730,
242,123,2127,-822,129,-1719,
310,-7,2158,-778,165,-1385,
223,114,2225,-889,177,-1092,
145,100,2226,-730,243,-1563,
377,115,2221,-885,248,-1082,
-16,-110,2171,-370,337,-1552,
183,73,2219,-341,490,-1339,
116,94,2056,-273,437,-1224,
21,46,2025,-253,409,-1233,
-29,-103,2010,-74,345,-1097,
-30,-14,2083,-333,283,-837,
-56,-183,2078,-373,239,-678,
-67,-155,2072,-493,197,-385,
-139,-206,2063,-567,82,-359,
-10,-199,2122,-423,130,-106,
-102,17,2188,-471,138,-166,
-71,-65,2111,-394,178,-122,
-182,-238,1950,34,105,22,
-222,-27,1961,76,44,65,
-250,-67,1897,-17,-60,217,
-288,-145,1836,80,-166,335,
-292,-13,1866,-81,-277,494,
-317,-117,1893,-85,-434,541,
-191,-84,1923,-107,-485,747,
-245,-41,1959,-86,-496,568,
-143,-40,2032,-128,-494,595,
-159,-165,2006,22,-476,586,
-136,-145,1990,185,-436,697,
-243,-146,1929,330,-510,610,
-301,-158,1869,451,-598,625,
-286,-82,1909,460,-654,731,
-307,-105,1904,472,-638,817,
-244,78,1866,645,-588,963,
-319,277,1959,473,-604,784,
-233,294,1918,630,-545,772,
-302,491,1929,460,-534,634,
-233,354,1997,475,-439,574,
-223,427,2035,607,-274,588,
-270,548,2084,487,-146,442,
-283,449,2024,579,-71,354,
-326,444,1961,660,-6,368,
-350,462,1865,877,2,380,
-517,651,1801,808,-217,28,
-453,462,1736,1024,-419,-39,
-371,565,1912,1221,-451,6,
-339,811,2074,910,-349,-155,
-368,646,1918,1027,-317,-242,
-381,607,1886,1247,-336,-278,
-351,743,1954,1205,-304,-306,
-387,818,1975,996,-277,-491,
-455,718,1832,991,-331,-598,
-496,736,1798,953,-456,-635,
-443,780,1824,821,-501,-567,
-431,856,1868,562,-515,-590,
-339,824,1983,297,-420,-573,
-341,720,2048,283,-284,-651,
-361,713,2067,204,-214,-777,
-447,507,1993,375,-284,-955,
-389,402,2093,528,-218,-871,
-397,510,2172,379,-59,-868,
-452,519,2059,218,-16,-973,
-506,365,1952,150,-59,-977,
-479,349,1951,156,-50,-767,
-493,540,1980,-186,-46,-698,
-507,548,1848,-322,-73,-739,
-513,469,1767,-163,-123,-742,
-466,517,1757,-22,-161,-672,
-466,497,1802,-12,-283,-821,
-307,356,1966,-30,-289,-672,
-292,245,2059,-142,-237,-545,
-262,196,2166,-446,-190,-426,
-167,112,2280,-773,-30,-169,
-241,97,2231,-968,96,-109,
-296,16,2166,-963,88,-186,
-305,-64,2082,-771,85,-80,
-343,23,2047,-710,39,-2,
-392,19,1970,-747,-119,-29,
-353,-109,1936,-481,-297,-29,
-222,-132,2187,-309,-304,103,
-119,-63,2393,-359,-132,249,
-127,-8,2364,-506,-3,361,
-132,-40,2238,-434,68,495,
-208,2,2171,-428,61,419,
-175,-52,2139,-396,50,390,
-116,4,2205,-471,121,471,
-114,55,2205,-768,164,527,
-117,-145,2098,-648,111,600,
-108,-198,2110,-482,49,688,
-8,-226,2278,-454,106,765,
47,-259,2354,-427,194,874,
46,-368,2344,-261,224,976,
50,-413,2337,-76,246,1131,
63,-323,2267,-2,282,1260,
50,-232,2189,-111,292,1339,
32,-262,2082,15,298,1372,
34,-158,2061,30,274,1406,
66,-169,2027,110,235,1450,
108,-101,2079,150,249,1538,
198,-53,2096,186,297,1611,
224,99,2097,75,339,1632,
174,34,2058,38,262,1505,
256,57,2060,122,234,1472,
216,119,2079,-61,185,1319,
295,-44,2039,-3,215,1403,
285,45,2032,-61,279,1415,
239,84,1953,-293,211,1506,
249,-37,1899,-17,137,1327,
246,137,1881,14,103,1223,
415,210,1884,86,54,1540,
219,218,1890,512,-137,1076,
538,244,2425,928,193,450,
465,568,2221,1032,112,503,
415,964,2049,-240,71,1445,
149,194,1730,1048,-155,687,
444,1070,2068,431,-42,1200,
25,813,1904,78,-288,422,
307,617,1776,435,-320,605,
155,965,1886,-29,-346,451,
193,655,1880,54,-407,216,
243,555,1960,290,-375,392,
165,753,1912,299,-418,141,
239,798,1995,154,-382,156,
210,684,1990,246,-279,96,
132,719,1982,187,-213,110,
76,715,1915,182,-134,55,
21,767,1879,213,-101,-83,
-3,756,1986,68,-72,-197,
47,570,2058,204,70,-190,
-60,702,1979,239,98,-227,
-210,788,1913,55,-107,-663,
-54,582,2018,-63,-24,-584,
-89,526,2053,-194,195,-400,
-165,513,2012,-300,386,-394,
-236,403,1930,-284,536,-294,
-389,362,1803,-414,522,-216,
